[14:45:38]:[0]81260972110159866	
A005930	JJ	접수	삼성전자                                	1	0	1	0	0000000	+매수	시장가	2	144539				+284500	+284500	+284000			0	0	0	5000	4205019 	00	        	3	 268500	0	0	1	KRX	N	0	02
[14:45:38]:[0]81260972110159866	
A005930	JJ	체결	삼성전자                                	1	0	0	284500	0000000	+매수	시장가	2	144539	1191113	284500	1	+284500	+284500	+284000	284500	1	990	0	0	5000	4205019 	00	        	3	 268500	0	0	1	KRX	N	0	02
[14:45:38]:[4]8126097211A005930	00	00000000
삼성전자                                	+284500	1	284500	284500	1	1	2	0	0	+284500	+284000	268500	0.00	0	0	00000000	0	0.00	0	0.00	0	0	 268500	2	+16000	5.96	-188000	+349000	10	0.00	0	 0
[15:07:46]:[0]81260972110166265	
A005930	JJ	접수	삼성전자                                	1	0	1	0	0000000	+매수	시장가	2	150747				+284000	+284500	+284000			0	0	0	5000	4805095 	00	        	3	 268500	0	0	1	KRX	N	0	02
[15:07:46]:[0]81260972110166265	
A005930	JJ	체결	삼성전자                                	1	0	0	284000	0000000	+매수	시장가	2	150747	1236630	284000	1	+284000	+284500	+284000	284000	1	990	0	0	5000	4805095 	00	        	3	 268500	0	0	1	KRX	N	0	02
[15:07:46]:[4]8126097211A005930	00	00000000
삼성전자                                	+284000	2	284250	568500	2	2	2	0	0	+284500	+284000	268500	0.00	0	0	00000000	0	0.00	0	0.00	0	0	 268500	2	+15500	5.77	-188000	+349000	10	0.00	0	 0
