[08:00:18]:[v]3942643011
000060422482	000040281655	000030211241	000012084496	000000000000	000000000000	000000000000	000000000000	000000000000	000000000000	000000000000	000000000000	000003724717	000024168993	000020140827	000012084496	0	0	0	1	N
[08:00:18]:[0]39426430110000184	
A454910	JJ	접수	두산로보틱스                            	70	134400	70	0	0000000	-매도	보통	1	080020				 127400	-0	-0			0	0	0	8283	0901004 	00	00000000	0	 127400	0	0	2	NXT	N	0	01
[08:00:18]:[4]3942643011A454910	00	00000000
두산로보틱스                            	 127400	70	130390	9127300	0	0	1	0	0	-0	-0	127400	0.00	0	0	00000000	0	0.00	0	0.00	0	0	 127400	3	 0	0.00	-89200	+165600	10	0.00	0	 0
[08:00:18]:[v]3942643011
000060422482	000040281655	000030211241	000012084496	000000000000	000000000000	000000000000	000000000000	000000000000	000000000000	000000000000	000000000000	000003724717	000024168993	000020140827	000012084496	0	0	0	1	N
[08:00:18]:[0]39426430110000184	
A454910	JJ	거부	두산로보틱스                            	70	134400	0	0	0000000	-매도	보통	1	080020				 127400	-0	-0			0	0	50102500	8283	0901004 	00	00000000	0	 127400	0	0	2	NXT	N	0	01
[08:00:18]:[4]3942643011A454910	00	00000000
두산로보틱스                            	 127400	70	130390	9127300	70	0	1	0	0	-0	-0	127400	0.00	0	0	00000000	0	0.00	0	0.00	0	0	 127400	3	 0	0.00	-89200	+165600	90	0.00	0	 0
[08:01:59]:[0]39426430110000608	
A454910	JJ	접수	두산로보틱스                            	70	131700	70	0	0000000	-매도	보통	1	080201				 127400	-0	-0			0	0	0	8283	0901004 	00	00000000	0	 127400	0	0	2	NXT	N	0	01
[08:01:59]:[4]3942643011A454910	00	00000000
두산로보틱스                            	 127400	70	130390	9127300	0	0	1	0	0	-0	-0	127400	0.00	0	0	00000000	0	0.00	0	0.00	0	0	 127400	3	 0	0.00	-89200	+165600	10	0.00	0	 0
[08:01:59]:[v]3942643011
000060422482	000040281655	000030211241	000012084496	000000000000	000000000000	000000000000	000000000000	000000000000	000000000000	000000000000	000000000000	000003724717	000024168993	000020140827	000012084496	0	0	0	1	N
[08:01:59]:[0]39426430110000608	
A454910	JJ	체결	두산로보틱스                            	70	131700	53	2244000	0000000	-매도	보통	1	080201	236	132000	17	 127400	-0	-0	132000	17	330	4488	0	8283	0901004 	00	00000000	0	 127400	0	0	2	NXT	N	0	01
[08:01:59]:[4]3942643011A454910	00	00000000
두산로보틱스                            	 127400	53	130390	6910670	0	-17	1	22222	0	-0	-0	127400	1.00	0	0	00000000	22222	1.00	0	0.00	0	0	 127400	3	 0	0.00	-89200	+165600	10	0.00	0	 0
[08:01:59]:[v]3942643011
000064966782	000043311188	000032483391	000012993356	000000000000	000000000000	000000000000	000000000000	000000000000	000000000000	000000000000	000000000000	000005963556	000025986713	000021655594	000012993356	0	0	0	1	N
[08:01:59]:[v]3942643011
000079054998	000052703332	000039527499	000015810999	000000000000	000000000000	000000000000	000000000000	000000000000	000000000000	000000000000	000000000000	000012927604	000031621999	000026351666	000015810999	0	0	0	1	N
[08:01:59]:[0]39426430110000608	
A454910	JJ	체결	두산로보틱스                            	70	131700	0	9224100	0000000	-매도	보통	1	080201	237	131773	70	 127400	-0	-0	131700	53	1380	13960	0	8283	0901004 	00	00000000	0	 127400	0	0	2	NXT	N	0	01
[08:01:59]:[4]3942643011A454910	00	00000000
두산로보틱스                            	 127400	0	0	0	0	-70	1	75612	0	-0	-0	127400	0.83	0	0	00000000	75612	0.83	0	0.00	0	0	 127400	3	 0	0.00	-89200	+165600	10	0.00	0	 0
[14:50:03]:[0]39426430110047775	
A006400	JJ	접수	삼성SDI                                 	1	613000	1	0	0000000	+매수	보통	2	145003				-613000	 614000	-613000			0	0	0	8283	0901004 	00	00000000	0	 614000	0	0	1	KRX	N	0	02
[14:50:03]:[v]3942643011
000078441998	000052294665	000039220999	000015688399	000000000000	000000000000	000000000000	000000000000	000000000000	000000000000	000000000000	000000000000	000012314604	000031376799	000026147332	000015688399	0	0	0	1	N
[14:50:26]:[0]39426430110047807	
A006400	JJ	접수	삼성SDI                                 	1	0	1	0	0047775	 매수취소	보통	2	145026				+615000	+615000	 614000			0	0	0	8283	0901004 	00	00000000	0	 614000	0	0	1	KRX	N	0	02
[14:50:26]:[v]3942643011
000078441998	000052294665	000039220999	000015688399	000000000000	000000000000	000000000000	000000000000	000000000000	000000000000	000000000000	000000000000	000012314604	000031376799	000026147332	000015688399	0	0	0	1	N
[14:50:26]:[0]39426430110047807	
A006400	JJ	확인	삼성SDI                                 	1	0	0	0	0047775	 매수취소	보통	2	145026				+615000	+615000	 614000			0	0	0	8283	0901004 	00	00000000	0	 614000	0	0	1	KRX	N	0	02
[14:50:26]:[0]39426430110047775	
A006400	JJ	접수	삼성SDI                                 	1	613000	0	0	0000000	+매수	보통	2	145003				+615000	+615000	 614000			0	0	0	8283	0901004 	00	00000000	0	 614000	0	1	1	KRX	N	0	02
[14:50:26]:[v]3942643011
000079054998	000052703332	000039527499	000015810999	000000000000	000000000000	000000000000	000000000000	000000000000	000000000000	000000000000	000000000000	000012927604	000031621999	000026351666	000015810999	0	0	0	1	N
[14:50:38]:[0]39426430110047820	
A006400	JJ	접수	삼성SDI                                 	1	615000	1	0	0000000	+매수	보통	2	145039				+615000	+615000	 614000			0	0	0	8283	0901004 	00	00000000	0	 614000	0	0	1	KRX	N	0	02
[14:50:38]:[0]39426430110047820	
A006400	JJ	체결	삼성SDI                                 	1	615000	0	615000	0000000	+매수	보통	2	145039	59849	615000	1	+615000	+615000	 614000	615000	1	90	0	0	8283	0901004 	00	00000000	0	 614000	0	0	1	KRX	N	0	02
[14:50:39]:[v]3942643011
000078439998	000052293332	000039219999	000015687999	000000000000	000000000000	000000000000	000000000000	000000000000	000000000000	000000000000	000000000000	000012312604	000031375999	000026146666	000015687999	0	0	0	1	N
[14:50:39]:[v]3942643011
000078439998	000052293332	000039219999	000015687999	000000000000	000000000000	000000000000	000000000000	000000000000	000000000000	000000000000	000000000000	000012312604	000031375999	000026146666	000015687999	0	0	0	1	N
[14:50:39]:[4]3942643011A006400	00	00000000
삼성SDI                                 	+615000	1	615000	615000	1	1	2	75612	0	+615000	 614000	614000	0.83	0	0	00000000	75612	0.83	0	0.00	0	0	 614000	2	+1000	0.16	-430000	+798000	10	0.00	0	 0
[15:07:00]:[v]3942643011
000078439998	000052293332	000039219999	000015687999	000000000000	000000000000	000000000000	000000000000	000000000000	000000000000	000000000000	000000000000	000012312604	000031375999	000026146666	000015687999	0	0	0	1	N
[15:07:00]:[0]39426430110048949	
A006400	JJ	접수	삼성SDI                                 	1	610000	1	0	0000000	-매도	보통	1	150701				-609000	-610000	-609000			0	0	0	8283	0901004 	00	00000000	0	 614000	0	0	1	KRX	N	0	01
[15:07:00]:[4]3942643011A006400	00	00000000
삼성SDI                                 	-609000	1	615000	615000	0	1	1	75612	0	-610000	-609000	614000	0.83	0	0	00000000	75612	0.83	0	0.00	0	0	 614000	5	-5000	-0.81	-430000	+798000	10	0.00	0	 0
[15:07:32]:[0]39426430110048949	
A006400	JJ	체결	삼성SDI                                 	1	610000	0	610000	0000000	-매도	보통	1	150732	62333	610000	1	-610000	-610000	-609000	610000	1	90	1220	0	8283	0901004 	00	00000000	0	 614000	0	0	1	KRX	N	0	01
[15:07:32]:[4]3942643011A006400	00	00000000
삼성SDI                                 	-610000	0	0	0	0	0	1	69202	0	-610000	-609000	614000	0.71	0	0	00000000	69202	0.71	0	0.00	0	0	 614000	5	-4000	-0.65	-430000	+798000	10	0.00	0	 0
[15:07:32]:[v]3942643011
000079022983	000052681988	000039511491	000015804596	000000000000	000000000000	000000000000	000000000000	000000000000	000000000000	000000000000	000000000000	000012921202	000031609193	000026340994	000015804596	0	0	0	1	N
[15:10:49]:[0]39426430110049316	
A100790	JJ	접수	미래에셋벤처투자                        	15	66600	15	0	0000000	+매수	보통	2	151049				+66700	+66700	+66600			0	0	0	8283	0901004 	00	00000000	0	-54000	0	0	1	KRX	N	0	02
[15:10:49]:[v]3942643011
000077524483	000051682988	000038762241	000015504896	000000000000	000000000000	000000000000	000000000000	000000000000	000000000000	000000000000	000000000000	000011922202	000031009793	000025841494	000015504896	0	0	0	1	N
[15:10:59]:[v]3942643011
000076023733	000050682488	000038011866	000015204746	000000000000	000000000000	000000000000	000000000000	000000000000	000000000000	000000000000	000000000000	000010921702	000030409493	000025341244	000015204746	0	0	0	1	N
[15:10:59]:[0]39426430110049337	
A100790	JJ	접수	미래에셋벤처투자                        	15	66700	15	0	0000000	+매수	보통	2	151100				+66800	+66800	+66700			0	0	0	8283	0901004 	00	00000000	0	-54000	0	0	1	KRX	N	0	02
[15:11:05]:[0]39426430110049350	
A100790	JJ	접수	미래에셋벤처투자                        	15	66800	15	0	0000000	+매수	보통	2	151105				+66800	+66900	+66800			0	0	0	8283	0901004 	00	00000000	0	-54000	0	0	1	KRX	N	0	02
[15:11:05]:[v]3942643011
000074520733	000049680488	000037260366	000014904146	000000000000	000000000000	000000000000	000000000000	000000000000	000000000000	000000000000	000000000000	000009919702	000029808293	000024840244	000014904146	0	0	0	1	N
[15:11:11]:[0]39426430110049357	
A100790	JJ	접수	미래에셋벤처투자                        	15	66900	15	0	0000000	+매수	보통	2	151111				+66900	+67000	+66900			0	0	0	8283	0901004 	00	00000000	0	-54000	0	0	1	KRX	N	0	02
[15:11:11]:[v]3942643011
000073015483	000048676988	000036507741	000014603096	000000000000	000000000000	000000000000	000000000000	000000000000	000000000000	000000000000	000000000000	000008916202	000029206193	000024338494	000014603096	0	0	0	1	N
[15:11:15]:[0]39426430110049367	
A100790	JJ	접수	미래에셋벤처투자                        	15	67000	15	0	0000000	+매수	보통	2	151115				+67000	+67000	+66900			0	0	0	8283	0901004 	00	00000000	0	-54000	0	0	1	KRX	N	0	02
[15:11:15]:[0]39426430110049367	
A100790	JJ	체결	미래에셋벤처투자                        	15	67000	0	1005000	0000000	+매수	보통	2	151115	330053	67000	15	+67000	+67000	+66900	67000	15	150	0	0	8283	0901004 	00	00000000	0	-54000	0	0	1	KRX	N	0	02
[15:11:15]:[v]3942643011
000071507983	000047671988	000035753991	000014301596	000000000000	000000000000	000000000000	000000000000	000000000000	000000000000	000000000000	000000000000	000007911202	000028603193	000023835994	000014301596	0	0	0	1	N
[15:11:15]:[v]3942643011
000071507983	000047671988	000035753991	000014301596	000000000000	000000000000	000000000000	000000000000	000000000000	000000000000	000000000000	000000000000	000007911202	000028603193	000023835994	000014301596	0	0	0	1	N
[15:11:15]:[4]3942643011A100790	00	00000000
미래에셋벤처투자                        	+67000	15	67000	1005000	15	15	2	69202	0	+67000	+66900	54900	0.71	0	0	00000000	69202	0.71	0	0.00	0	0	-54000	2	+12100	22.04	-38500	+71300	10	-1.64	5	-900
[15:11:16]:[v]3942643011
000070000483	000046666988	000035000241	000014000096	000000000000	000000000000	000000000000	000000000000	000000000000	000000000000	000000000000	000000000000	000006906202	000028000193	000023333494	000014000096	0	0	0	1	N
[15:11:16]:[0]39426430110049368	
A100790	JJ	접수	미래에셋벤처투자                        	15	67000	15	0	0000000	+매수	보통	2	151116				+67000	+67000	+66900			0	0	0	8283	0901004 	00	00000000	0	-54000	0	0	1	KRX	N	0	02
[15:11:16]:[0]39426430110049368	
A100790	JJ	체결	미래에셋벤처투자                        	15	67000	0	1005000	0000000	+매수	보통	2	151116	330126	67000	15	+67000	+67000	+66900	67000	15	150	0	0	8283	0901004 	00	00000000	0	-54000	0	0	1	KRX	N	0	02
[15:11:16]:[4]3942643011A100790	00	00000000
미래에셋벤처투자                        	+67000	30	67000	2010000	30	30	2	69202	0	+67000	+66900	54900	0.71	0	0	00000000	69202	0.71	0	0.00	0	0	-54000	2	+12100	22.04	-38500	+71300	10	-1.64	5	-900
[15:11:16]:[v]3942643011
000070000483	000046666988	000035000241	000014000096	000000000000	000000000000	000000000000	000000000000	000000000000	000000000000	000000000000	000000000000	000006906202	000028000193	000023333494	000014000096	0	0	0	1	N
[15:11:19]:[0]39426430110049374	
A100790	JJ	접수	미래에셋벤처투자                        	15	67100	15	0	0000000	+매수	보통	2	151119				+67100	+67100	+67000			0	0	0	8283	0901004 	00	00000000	0	-54000	0	0	1	KRX	N	0	02
[15:11:19]:[v]3942643011
000068490733	000045660488	000034245366	000013698146	000000000000	000000000000	000000000000	000000000000	000000000000	000000000000	000000000000	000000000000	000005899702	000027396293	000022830244	000013698146	0	0	0	1	N
[15:11:19]:[0]39426430110049374	
A100790	JJ	체결	미래에셋벤처투자                        	15	67100	0	1006500	0000000	+매수	보통	2	151119	330269	67100	15	+67100	+67100	+67000	67100	15	150	0	0	8283	0901004 	00	00000000	0	-54000	0	0	1	KRX	N	0	02
[15:11:19]:[4]3942643011A100790	00	00000000
미래에셋벤처투자                        	+67100	45	67033	3016500	45	45	2	69202	0	+67100	+67000	54900	0.71	0	0	00000000	69202	0.71	0	0.00	0	0	-54000	2	+12200	22.22	-38500	+71300	10	-1.64	5	-900
[15:11:19]:[v]3942643011
000068490733	000045660488	000034245366	000013698146	000000000000	000000000000	000000000000	000000000000	000000000000	000000000000	000000000000	000000000000	000005899702	000027396293	000022830244	000013698146	0	0	0	1	N
[15:11:20]:[0]39426430110049377	
A100790	JJ	접수	미래에셋벤처투자                        	15	67000	15	0	0000000	+매수	보통	2	151120				+67100	+67100	+67000			0	0	0	8283	0901004 	00	00000000	0	-54000	0	0	1	KRX	N	0	02
[15:11:20]:[v]3942643011
000066983232	000044655488	000033491616	000013396646	000000000000	000000000000	000000000000	000000000000	000000000000	000000000000	000000000000	000000000000	000004894702	000026793293	000022327744	000013396646	0	0	0	1	N
[15:11:31]:[0]39426430110049377	
A100790	JJ	체결	미래에셋벤처투자                        	15	67000	0	1005000	0000000	+매수	보통	2	151131	330664	67000	15	+67000	+67100	+67000	67000	15	150	0	0	8283	0901004 	00	00000000	0	-54000	0	0	1	KRX	N	0	02
[15:11:31]:[v]3942643011
000066983232	000044655488	000033491616	000013396646	000000000000	000000000000	000000000000	000000000000	000000000000	000000000000	000000000000	000000000000	000004894701	000026793293	000022327744	000013396646	0	0	0	1	N
[15:11:31]:[4]3942643011A100790	00	00000000
미래에셋벤처투자                        	+67000	60	67025	4021500	60	60	2	69202	0	+67100	+67000	54900	0.71	0	0	00000000	69202	0.71	0	0.00	0	0	-54000	2	+12100	22.04	-38500	+71300	10	-1.64	5	-900
[15:11:34]:[0]39426430110049357	
A100790	JJ	체결	미래에셋벤처투자                        	15	66900	0	1003500	0000000	+매수	보통	2	151134	330895	66900	15	+66900	+67100	+66900	66900	15	150	0	0	8283	0901004 	00	00000000	0	-54000	0	0	1	KRX	N	0	02
[15:11:34]:[v]3942643011
000066983232	000044655488	000033491616	000013396646	000000000000	000000000000	000000000000	000000000000	000000000000	000000000000	000000000000	000000000000	000004894701	000026793293	000022327744	000013396646	0	0	0	1	N
[15:11:34]:[4]3942643011A100790	00	00000000
미래에셋벤처투자                        	+66900	75	67000	5025000	75	75	2	69202	0	+67100	+66900	54900	0.71	0	0	00000000	69202	0.71	0	0.00	0	0	-54000	2	+12000	21.86	-38500	+71300	10	-1.64	5	-900
[15:11:34]:[v]3942643011
000065475732	000043650488	000032737866	000013095146	000000000000	000000000000	000000000000	000000000000	000000000000	000000000000	000000000000	000000000000	000003889701	000026190293	000021825244	000013095146	0	0	0	1	N
[15:11:34]:[0]39426430110049390	
A100790	JJ	접수	미래에셋벤처투자                        	15	67000	15	0	0000000	+매수	보통	2	151134				+66950	+67000	+66900			0	0	0	8283	0901004 	00	00000000	0	-54000	0	0	1	KRX	N	0	02
[15:11:34]:[0]39426430110049390	
A100790	JJ	체결	미래에셋벤처투자                        	15	67000	0	1005000	0000000	+매수	보통	2	151134	330915	67000	15	+66900	+67000	+66900	67000	15	150	0	0	8283	0901004 	00	00000000	0	-54000	0	0	1	KRX	N	0	02
[15:11:34]:[v]3942643011
000065475732	000043650488	000032737866	000013095146	000000000000	000000000000	000000000000	000000000000	000000000000	000000000000	000000000000	000000000000	000003889701	000026190293	000021825244	000013095146	0	0	0	1	N
[15:11:34]:[4]3942643011A100790	00	00000000
미래에셋벤처투자                        	+66900	90	67000	6030000	90	90	2	69202	0	+67000	+66900	54900	0.71	0	0	00000000	69202	0.71	0	0.00	0	0	-54000	2	+12000	21.86	-38500	+71300	10	-1.64	5	-900
[15:11:38]:[v]3942643011
000065475732	000043650488	000032737866	000013095146	000000000000	000000000000	000000000000	000000000000	000000000000	000000000000	000000000000	000000000000	000003889701	000026190293	000021825244	000013095146	0	0	0	1	N
[15:11:38]:[0]39426430110049350	
A100790	JJ	체결	미래에셋벤처투자                        	15	66800	0	1002000	0000000	+매수	보통	2	151138	331130	66800	15	+66700	+66900	+66700	66800	15	150	0	0	8283	0901004 	00	00000000	0	-54000	0	0	1	KRX	N	0	02
[15:11:38]:[0]39426430110049337	
A100790	JJ	체결	미래에셋벤처투자                        	15	66700	0	1000500	0000000	+매수	보통	2	151138	331227	66700	15	+66700	+66900	+66700	66700	15	150	0	0	8283	0901004 	00	00000000	0	-54000	0	0	1	KRX	N	0	02
[15:11:38]:[4]3942643011A100790	00	00000000
미래에셋벤처투자                        	+66700	105	66971	7032000	105	105	2	69202	0	+66900	+66700	54900	0.71	0	0	00000000	69202	0.71	0	0.00	0	0	-54000	2	+11800	21.49	-38500	+71300	10	-1.64	5	-900
[15:11:38]:[v]3942643011
000065475732	000043650488	000032737866	000013095146	000000000000	000000000000	000000000000	000000000000	000000000000	000000000000	000000000000	000000000000	000003889701	000026190293	000021825244	000013095146	0	0	0	1	N
[15:11:38]:[4]3942643011A100790	00	00000000
미래에셋벤처투자                        	+66700	120	66938	8032500	120	120	2	69202	0	+66900	+66700	54900	0.71	0	0	00000000	69202	0.71	0	0.00	0	0	-54000	2	+11800	21.49	-38500	+71300	10	-1.64	5	-900
[15:11:38]:[0]39426430110049316	
A100790	JJ	체결	미래에셋벤처투자                        	15	66600	0	999000	0000000	+매수	보통	2	151138	331300	66600	15	+66600	+66900	+66600	66600	15	140	0	0	8283	0901004 	00	00000000	0	-54000	0	0	1	KRX	N	0	02
[15:11:38]:[v]3942643011
000065475732	000043650488	000032737866	000013095146	000000000000	000000000000	000000000000	000000000000	000000000000	000000000000	000000000000	000000000000	000003889701	000026190293	000021825244	000013095146	0	0	0	1	N
[15:11:38]:[4]3942643011A100790	00	00000000
미래에셋벤처투자                        	+66600	135	66900	9031500	135	135	2	69202	0	+66900	+66600	54900	0.71	0	0	00000000	69202	0.71	0	0.00	0	0	-54000	2	+11700	21.31	-38500	+71300	10	-1.64	5	-900
[15:15:22]:[0]39426430110049771	
A100790	JJ	접수	미래에셋벤처투자                        	135	67300	135	0	0000000	-매도	보통	1	151522				+67300	+67300	+67200			0	0	0	8283	0901004 	00	00000000	0	-54000	0	0	1	KRX	N	0	01
[15:15:22]:[v]3942643011
000065475732	000043650488	000032737866	000013095146	000000000000	000000000000	000000000000	000000000000	000000000000	000000000000	000000000000	000000000000	000003889701	000026190293	000021825244	000013095146	0	0	0	1	N
[15:15:22]:[4]3942643011A100790	00	00000000
미래에셋벤처투자                        	+67300	135	66900	9031500	0	135	1	69202	0	+67300	+67200	54900	0.71	0	0	00000000	69202	0.71	0	0.00	0	0	-54000	2	+12400	22.59	-38500	+71300	10	-1.64	5	-900
[15:16:06]:[0]39426430110049840	
A100790	JJ	접수	미래에셋벤처투자                        	135	0	135	0	0049771	 매도취소	보통	1	151606				+67000	+67100	+67000			0	0	0	8283	0901004 	00	00000000	0	-54000	0	0	1	KRX	N	0	01
[15:16:06]:[v]3942643011
000065475732	000043650488	000032737866	000013095146	000000000000	000000000000	000000000000	000000000000	000000000000	000000000000	000000000000	000000000000	000003889701	000026190293	000021825244	000013095146	0	0	0	1	N
[15:16:06]:[v]3942643011
000065475732	000043650488	000032737866	000013095146	000000000000	000000000000	000000000000	000000000000	000000000000	000000000000	000000000000	000000000000	000003889701	000026190293	000021825244	000013095146	0	0	0	1	N
[15:16:06]:[0]39426430110049840	
A100790	JJ	확인	미래에셋벤처투자                        	135	0	0	0	0049771	 매도취소	보통	1	151606				+67000	+67100	+67000			0	0	0	8283	0901004 	00	00000000	0	-54000	0	0	1	KRX	N	0	01
[15:16:06]:[0]39426430110049771	
A100790	JJ	접수	미래에셋벤처투자                        	135	67300	0	0	0000000	-매도	보통	1	151522				+67000	+67100	+67000			0	0	0	8283	0901004 	00	00000000	0	-54000	0	1	1	KRX	N	0	01
[15:16:06]:[4]3942643011A100790	00	00000000
미래에셋벤처투자                        	+67000	135	66900	9031500	135	135	1	69202	0	+67100	+67000	54900	0.71	0	0	00000000	69202	0.71	0	0.00	0	0	-54000	2	+12100	22.04	-38500	+71300	22	-1.64	5	-900
[15:16:41]:[v]3942643011
000065475732	000043650488	000032737866	000013095146	000000000000	000000000000	000000000000	000000000000	000000000000	000000000000	000000000000	000000000000	000003889701	000026190293	000021825244	000013095146	0	0	0	1	N
[15:16:41]:[0]39426430110049893	
A100790	JJ	접수	미래에셋벤처투자                        	135	67400	135	0	0000000	-매도	보통	1	151641				+67400	+67500	+67400			0	0	0	8283	0901004 	00	00000000	0	-54000	0	0	1	KRX	N	0	01
[15:16:41]:[4]3942643011A100790	00	00000000
미래에셋벤처투자                        	+67400	135	66900	9031500	0	135	1	69202	0	+67500	+67400	54900	0.71	0	0	00000000	69202	0.71	0	0.00	0	0	-54000	2	+12500	22.77	-38500	+71300	10	-1.64	5	-900
[15:16:41]:[0]39426430110049893	
A100790	JJ	체결	미래에셋벤처투자                        	135	67400	0	9099000	0000000	-매도	보통	1	151641	340518	67400	135	+67400	+67500	+67400	67400	135	1360	18198	0	8283	0901004 	00	00000000	0	-54000	0	0	1	KRX	N	0	01
[15:16:41]:[v]3942643011
000079255843	000052837228	000039627921	000015851168	000000000000	000000000000	000000000000	000000000000	000000000000	000000000000	000000000000	000000000000	000012967776	000031702337	000026418614	000015851168	0	0	0	1	N
[15:16:41]:[4]3942643011A100790	00	00000000
미래에셋벤처투자                        	+67400	0	0	0	0	0	1	115794	0	+67500	+67400	54900	0.62	0	0	00000000	115794	0.62	0	0.00	0	0	-54000	2	+12500	22.77	-38500	+71300	10	-1.64	5	-900
[15:43:11]:[0]39426430110051536	
A347700	JJ	접수	스피어                                  	20	48750	20	0	0000000	+매수	보통	2	154311				+48150	+48150	+48100			0	0	0	8283	0901004 	00	00000000	0	 48150	0	0	2	NXT	N	0	02
[15:43:11]:[v]3942643011
000074380843	000049587228	000037190421	000014876168	000000000000	000000000000	000000000000	000000000000	000000000000	000000000000	000000000000	000000000000	000011992776	000029752337	000024793614	000014876168	0	0	0	1	N
[15:43:15]:[0]39426430110051542	
A347700	JJ	접수	스피어                                  	20	48700	20	0	0000000	+매수	보통	2	154315				+48150	+48150	+48100			0	0	0	8283	0901004 	00	00000000	0	 48150	0	0	2	NXT	N	0	02
[15:43:15]:[v]3942643011
000069510843	000046340562	000034755421	000013902168	000000000000	000000000000	000000000000	000000000000	000000000000	000000000000	000000000000	000000000000	000011018776	000027804337	000023170281	000013902168	0	0	0	1	N
[15:43:16]:[0]39426430110051543	
A347700	JJ	접수	스피어                                  	20	48800	20	0	0000000	+매수	보통	2	154316				+48150	+48150	+48100			0	0	0	8283	0901004 	00	00000000	0	 48150	0	0	2	NXT	N	0	02
[15:43:16]:[v]3942643011
000064630842	000043087228	000032315421	000012926168	000000000000	000000000000	000000000000	000000000000	000000000000	000000000000	000000000000	000000000000	000010042776	000025852337	000021543614	000012926168	0	0	0	1	N
[15:43:19]:[0]39426430110051543	
A347700	JJ	체결	스피어                                  	20	48800	0	976000	0000000	+매수	보통	2	154319	147446	48800	20	+48150	+48150	+48100	48800	20	140	0	0	8283	0901004 	00	00000000	0	 48150	0	0	2	NXT	N	0	02
[15:43:19]:[v]3942643011
000064630842	000043087228	000032315421	000012926168	000000000000	000000000000	000000000000	000000000000	000000000000	000000000000	000000000000	000000000000	000010042777	000025852337	000021543614	000012926168	0	0	0	1	N
[15:43:19]:[4]3942643011A347700	00	00000000
스피어                                  	+48150	20	48800	976000	20	20	2	115794	0	+48150	+48100	42000	0.62	0	0	00000000	115794	0.62	0	0.00	0	0	 48150	2	+6150	14.64	-29400	+54600	10	0.00	0	 0
[15:43:19]:[v]3942643011
000064630842	000043087228	000032315421	000012926168	000000000000	000000000000	000000000000	000000000000	000000000000	000000000000	000000000000	000000000000	000010042777	000025852337	000021543614	000012926168	0	0	0	1	N
[15:43:19]:[0]39426430110051536	
A347700	JJ	체결	스피어                                  	20	48750	0	975000	0000000	+매수	보통	2	154319	147496	48750	20	+48150	+48150	+48100	48750	20	140	0	0	8283	0901004 	00	00000000	0	 48150	0	0	2	NXT	N	0	02
[15:43:19]:[4]3942643011A347700	00	00000000
스피어                                  	+48150	40	48775	1951000	40	40	2	115794	0	+48150	+48100	42000	0.62	0	0	00000000	115794	0.62	0	0.00	0	0	 48150	2	+6150	14.64	-29400	+54600	10	0.00	0	 0
[15:43:19]:[0]39426430110051542	
A347700	JJ	체결	스피어                                  	20	48700	0	974000	0000000	+매수	보통	2	154319	147563	48700	20	+48150	+48150	+48100	48700	20	140	0	0	8283	0901004 	00	00000000	0	 48150	0	0	2	NXT	N	0	02
[15:43:19]:[v]3942643011
000064630842	000043087228	000032315421	000012926168	000000000000	000000000000	000000000000	000000000000	000000000000	000000000000	000000000000	000000000000	000010042777	000025852337	000021543614	000012926168	0	0	0	1	N
[15:43:19]:[4]3942643011A347700	00	00000000
스피어                                  	+48150	60	48750	2925000	60	60	2	115794	0	+48150	+48100	42000	0.62	0	0	00000000	115794	0.62	0	0.00	0	0	 48150	2	+6150	14.64	-29400	+54600	10	0.00	0	 0
[15:43:23]:[0]39426430110051550	
A347700	JJ	접수	스피어                                  	20	48650	20	0	0000000	+매수	보통	2	154323				+48150	+48150	+48100			0	0	0	8283	0901004 	00	00000000	0	 48150	0	0	2	NXT	N	0	02
[15:43:23]:[v]3942643011
000059765842	000039843895	000029882921	000011953168	000000000000	000000000000	000000000000	000000000000	000000000000	000000000000	000000000000	000000000000	000009069777	000023906337	000019921947	000011953168	0	0	0	1	N
[15:43:32]:[v]3942643011
000059765842	000039843895	000029882921	000011953168	000000000000	000000000000	000000000000	000000000000	000000000000	000000000000	000000000000	000000000000	000009069777	000023906337	000019921947	000011953168	0	0	0	1	N
[15:43:32]:[0]39426430110051550	
A347700	JJ	체결	스피어                                  	20	48650	0	973000	0000000	+매수	보통	2	154332	147799	48650	20	+48150	+48150	+48100	48650	20	140	0	0	8283	0901004 	00	00000000	0	 48150	0	0	2	NXT	N	0	02
[15:43:32]:[4]3942643011A347700	00	00000000
스피어                                  	+48150	80	48725	3898000	80	80	2	115794	0	+48150	+48100	42000	0.62	0	0	00000000	115794	0.62	0	0.00	0	0	 48150	2	+6150	14.64	-29400	+54600	10	0.00	0	 0
[16:18:07]:[0]39426430110052461	
A347700	JJ	접수	스피어                                  	80	47850	80	0	0000000	-매도	보통	1	161807				+48150	+48150	+48100			0	0	0	8283	0901004 	00	00000000	0	 48150	0	0	2	NXT	N	0	01
[16:18:07]:[4]3942643011A347700	00	00000000
스피어                                  	+48150	80	48725	3898000	0	80	1	115794	0	+48150	+48100	42000	0.62	0	0	00000000	115794	0.62	0	0.00	0	0	 48150	2	+6150	14.64	-29400	+54600	10	0.00	0	 0
[16:18:07]:[v]3942643011
000059765842	000039843895	000029882921	000011953168	000000000000	000000000000	000000000000	000000000000	000000000000	000000000000	000000000000	000000000000	000009069777	000023906337	000019921947	000011953168	0	0	0	1	N
[16:18:10]:[v]3942643011
000062391542	000041594362	000031195771	000012478308	000000000000	000000000000	000000000000	000000000000	000000000000	000000000000	000000000000	000000000000	000009594917	000024956617	000020797181	000012478308	0	0	0	1	N
[16:18:10]:[0]39426430110052461	
A347700	JJ	체결	스피어                                  	80	47850	69	526350	0000000	-매도	보통	1	161810	165280	47850	11	+48150	+48150	+48100	47850	11	70	1052	0	8283	0901004 	00	00000000	0	 48150	0	0	2	NXT	N	0	01
[16:18:10]:[4]3942643011A347700	00	00000000
스피어                                  	+48150	69	48725	3362025	0	69	1	104957	0	+48150	+48100	42000	0.54	0	0	00000000	104957	0.54	0	0.00	0	0	 48150	2	+6150	14.64	-29400	+54600	10	0.00	0	 0
[16:18:14]:[0]39426430110052461	
A347700	JJ	체결	스피어                                  	80	47850	67	622050	0000000	-매도	보통	1	161814	165285	47850	13	+48150	+48150	+48100	47850	2	90	191	0	8283	0901004 	00	00000000	0	 48150	0	0	2	NXT	N	0	01
[16:18:14]:[4]3942643011A347700	00	00000000
스피어                                  	+48150	67	48725	3264575	0	67	1	102976	0	+48150	+48100	42000	0.53	0	0	00000000	102976	0.53	0	0.00	0	0	 48150	2	+6150	14.64	-29400	+54600	10	0.00	0	 0
[16:18:14]:[v]3942643011
000062868942	000041912628	000031434471	000012573788	000000000000	000000000000	000000000000	000000000000	000000000000	000000000000	000000000000	000000000000	000009690398	000025147577	000020956314	000012573788	0	0	0	1	N
[16:18:17]:[0]39426430110052461	
A347700	JJ	체결	스피어                                  	80	47850	58	1052700	0000000	-매도	보통	1	161817	165289	47850	22	+48150	+48150	+48100	47850	9	150	861	0	8283	0901004 	00	00000000	0	 48150	0	0	2	NXT	N	0	01
[16:18:17]:[4]3942643011A347700	00	00000000
스피어                                  	+48150	58	48725	2826050	0	58	1	94120	0	+48150	+48100	42000	0.47	0	0	00000000	94120	0.47	0	0.00	0	0	 48150	2	+6150	14.64	-29400	+54600	10	0.00	0	 0
[16:18:17]:[v]3942643011
000065017242	000043344828	000032508621	000013003448	000000000000	000000000000	000000000000	000000000000	000000000000	000000000000	000000000000	000000000000	000010120057	000026006897	000021672414	000013003448	0	0	0	1	N
[16:18:17]:[v]3942643011
000068597743	000045731828	000034298871	000013719548	000000000000	000000000000	000000000000	000000000000	000000000000	000000000000	000000000000	000000000000	000010836157	000027439097	000022865914	000013719548	0	0	0	1	N
[16:18:17]:[0]39426430110052461	
A347700	JJ	체결	스피어                                  	80	47850	43	1770450	0000000	-매도	보통	1	161817	165290	47850	37	+48150	+48150	+48100	47850	15	260	1435	0	8283	0901004 	00	00000000	0	 48150	0	0	2	NXT	N	0	01
[16:18:17]:[4]3942643011A347700	00	00000000
스피어                                  	+48150	43	48725	2095175	0	43	1	79340	0	+48150	+48100	42000	0.39	0	0	00000000	79340	0.39	0	0.00	0	0	 48150	2	+6150	14.64	-29400	+54600	10	0.00	0	 0
[16:18:22]:[0]39426430110052461	
A347700	JJ	체결	스피어                                  	80	47850	23	2727450	0000000	-매도	보통	1	161822	165299	47850	57	+48150	+48150	+48100	47850	20	400	1914	0	8283	0901004 	00	00000000	0	 48150	0	0	2	NXT	N	0	01
[16:18:22]:[4]3942643011A347700	00	00000000
스피어                                  	+48150	23	48725	1120675	0	23	1	59636	0	+48150	+48100	42000	0.28	0	0	00000000	59636	0.28	0	0.00	0	0	 48150	2	+6150	14.64	-29400	+54600	10	0.00	0	 0
[16:18:22]:[v]3942643011
000073371738	000048914492	000036685869	000014674347	000000000000	000000000000	000000000000	000000000000	000000000000	000000000000	000000000000	000000000000	000011790956	000029348695	000024457246	000014674347	0	0	0	1	N
[16:18:22]:[v]3942643011
000078861833	000052574555	000039430916	000015772366	000000000000	000000000000	000000000000	000000000000	000000000000	000000000000	000000000000	000000000000	000012888975	000031544733	000026287277	000015772366	0	0	0	1	N
[16:18:22]:[0]39426430110052461	
A347700	JJ	체결	스피어                                  	80	47850	0	3828000	0000000	-매도	보통	1	161822	165300	47850	80	+48150	+48150	+48100	47850	23	570	2201	0	8283	0901004 	00	00000000	0	 48150	0	0	2	NXT	N	0	01
[16:18:22]:[4]3942643011A347700	00	00000000
스피어                                  	+48150	0	0	0	0	0	1	36970	0	+48150	+48100	42000	0.16	0	0	00000000	36970	0.16	0	0.00	0	0	 48150	2	+6150	14.64	-29400	+54600	10	0.00	0	 0
[16:19:39]:[v]3942643011
000077868633	000051912422	000038934316	000015573726	000000000000	000000000000	000000000000	000000000000	000000000000	000000000000	000000000000	000000000000	000011895775	000031147453	000025956211	000015573726	0	0	0	1	N
[16:19:39]:[0]39426430110052479	
A001450	JJ	접수	현대해상                                	26	38200	26	0	0000000	+매수	보통	2	161939				+38350	+38350	+38300			0	0	0	8283	0901004 	00	00000000	0	 38350	0	0	2	NXT	N	0	02
[16:19:40]:[0]39426430110052480	
A001450	JJ	접수	현대해상                                	26	38150	26	0	0000000	+매수	보통	2	161940				+38350	+38350	+38300			0	0	0	8283	0901004 	00	00000000	0	 38350	0	0	2	NXT	N	0	02
[16:19:40]:[v]3942643011
000076876733	000051251155	000038438366	000015375346	000000000000	000000000000	000000000000	000000000000	000000000000	000000000000	000000000000	000000000000	000010903875	000030750693	000025625577	000015375346	0	0	0	1	N
[16:19:41]:[0]39426430110052481	
A001450	JJ	접수	현대해상                                	26	38100	26	0	0000000	+매수	보통	2	161941				+38350	+38350	+38300			0	0	0	8283	0901004 	00	00000000	0	 38350	0	0	2	NXT	N	0	02
[16:19:41]:[v]3942643011
000075886133	000050590755	000037943066	000015177226	000000000000	000000000000	000000000000	000000000000	000000000000	000000000000	000000000000	000000000000	000009913275	000030354453	000025295377	000015177226	0	0	0	1	N
[16:19:41]:[0]39426430110052483	
A001450	JJ	접수	현대해상                                	26	38050	26	0	0000000	+매수	보통	2	161942				+38350	+38350	+38300			0	0	0	8283	0901004 	00	00000000	0	 38350	0	0	2	NXT	N	0	02
[16:19:41]:[v]3942643011
000074896833	000049931222	000037448416	000014979366	000000000000	000000000000	000000000000	000000000000	000000000000	000000000000	000000000000	000000000000	000008923975	000029958733	000024965611	000014979366	0	0	0	1	N
[16:19:42]:[0]39426430110052484	
A001450	JJ	접수	현대해상                                	26	38000	26	0	0000000	+매수	보통	2	161942				+38350	+38350	+38300			0	0	0	8283	0901004 	00	00000000	0	 38350	0	0	2	NXT	N	0	02
[16:19:42]:[v]3942643011
000073908833	000049272555	000036954416	000014781766	000000000000	000000000000	000000000000	000000000000	000000000000	000000000000	000000000000	000000000000	000007935975	000029563533	000024636277	000014781766	0	0	0	1	N
[16:19:43]:[v]3942643011
000072922133	000048614755	000036461066	000014584426	000000000000	000000000000	000000000000	000000000000	000000000000	000000000000	000000000000	000000000000	000006949275	000029168853	000024307377	000014584426	0	0	0	1	N
[16:19:43]:[0]39426430110052485	
A001450	JJ	접수	현대해상                                	26	37950	26	0	0000000	+매수	보통	2	161943				+38350	+38350	+38300			0	0	0	8283	0901004 	00	00000000	0	 38350	0	0	2	NXT	N	0	02
[16:19:43]:[0]39426430110052486	
A001450	JJ	접수	현대해상                                	26	37900	26	0	0000000	+매수	보통	2	161944				+38350	+38350	+38300			0	0	0	8283	0901004 	00	00000000	0	 38350	0	0	2	NXT	N	0	02
[16:19:43]:[v]3942643011
000071936733	000047957822	000035968366	000014387346	000000000000	000000000000	000000000000	000000000000	000000000000	000000000000	000000000000	000000000000	000005963875	000028774693	000023978911	000014387346	0	0	0	1	N
[16:19:44]:[0]39426430110052488	
A001450	JJ	접수	현대해상                                	26	37850	26	0	0000000	+매수	보통	2	161944				+38350	+38350	+38300			0	0	0	8283	0901004 	00	00000000	0	 38350	0	0	2	NXT	N	0	02
[16:19:44]:[v]3942643011
000070952633	000047301755	000035476316	000014190526	000000000000	000000000000	000000000000	000000000000	000000000000	000000000000	000000000000	000000000000	000004979775	000028381053	000023650877	000014190526	0	0	0	1	N
[16:19:46]:[v]3942643011
000069969833	000046646555	000034984916	000013993966	000000000000	000000000000	000000000000	000000000000	000000000000	000000000000	000000000000	000000000000	000003996975	000027987933	000023323277	000013993966	0	0	0	1	N
[16:19:46]:[0]39426430110052489	
A001450	JJ	접수	현대해상                                	26	37800	26	0	0000000	+매수	보통	2	161946				+38350	+38350	+38300			0	0	0	8283	0901004 	00	00000000	0	 38350	0	0	2	NXT	N	0	02
[16:20:41]:[v]3942643011
000069969833	000046646555	000034984916	000013993966	000000000000	000000000000	000000000000	000000000000	000000000000	000000000000	000000000000	000000000000	000003996975	000027987933	000023323277	000013993966	0	0	0	1	N
[16:20:41]:[v]3942643011
000070963033	000047308688	000035481516	000014192606	000000000000	000000000000	000000000000	000000000000	000000000000	000000000000	000000000000	000000000000	000004990175	000028385213	000023654344	000014192606	0	0	0	1	N
[16:20:41]:[0]39426430110052506	
A001450	JJ	접수	현대해상                                	26	0	26	0	0052479	 매수취소	보통	2	162041				+38350	+38350	+38300			0	0	0	8283	0901004 	00	00000000	0	 38350	0	0	2	NXT	N	0	02
[16:20:41]:[0]39426430110052506	
A001450	JJ	확인	현대해상                                	26	0	0	0	0052479	 매수취소	보통	2	162041				+38350	+38350	+38300			0	0	0	8283	0901004 	00	00000000	0	 38350	0	0	2	NXT	N	0	02
[16:20:41]:[0]39426430110052479	
A001450	JJ	접수	현대해상                                	26	38200	0	0	0000000	+매수	보통	2	161939				+38350	+38350	+38300			0	0	0	8283	0901004 	00	00000000	0	 38350	0	1	2	NXT	N	0	02
[16:22:12]:[0]39426430110052533	
A001450	JJ	접수	현대해상                                	26	38200	26	0	0000000	+매수	보통	2	162212				+38350	+38350	+38300			0	0	0	8283	0901004 	00	00000000	0	 38350	0	0	2	NXT	N	0	02
[16:22:12]:[v]3942643011
000069969833	000046646555	000034984916	000013993966	000000000000	000000000000	000000000000	000000000000	000000000000	000000000000	000000000000	000000000000	000003996975	000027987933	000023323277	000013993966	0	0	0	1	N
[16:22:19]:[0]39426430110052534	
A001450	JJ	접수	현대해상                                	26	38150	26	0	0000000	+매수	보통	2	162219				+38350	+38350	+38300			0	0	0	8283	0901004 	00	00000000	0	 38350	0	0	2	NXT	N	0	02
[16:22:19]:[v]3942643011
000068977933	000045985288	000034488966	000013795586	000000000000	000000000000	000000000000	000000000000	000000000000	000000000000	000000000000	000000000000	000003005075	000027591173	000022992644	000013795586	0	0	0	1	N
[16:22:21]:[v]3942643011
000068977933	000045985288	000034488966	000013795586	000000000000	000000000000	000000000000	000000000000	000000000000	000000000000	000000000000	000000000000	000003005075	000027591173	000022992644	000013795586	0	0	0	1	N
[16:22:21]:[0]39426430110052535	
A001450	JJ	접수	현대해상                                	26	0	26	0	0052480	 매수취소	보통	2	162221				+38350	+38350	+38300			0	0	0	8283	0901004 	00	00000000	0	 38350	0	0	2	NXT	N	0	02
[16:22:21]:[0]39426430110052535	
A001450	JJ	확인	현대해상                                	26	0	0	0	0052480	 매수취소	보통	2	162221				+38350	+38350	+38300			0	0	0	8283	0901004 	00	00000000	0	 38350	0	0	2	NXT	N	0	02
[16:22:21]:[0]39426430110052480	
A001450	JJ	접수	현대해상                                	26	38150	0	0	0000000	+매수	보통	2	161940				+38350	+38350	+38300			0	0	0	8283	0901004 	00	00000000	0	 38350	0	1	2	NXT	N	0	02
[16:22:21]:[0]39426430110052536	
A001450	JJ	접수	현대해상                                	26	0	26	0	0052534	 매수취소	보통	2	162221				+38350	+38350	+38300			0	0	0	8283	0901004 	00	00000000	0	 38350	0	0	2	NXT	N	0	02
[16:22:21]:[0]39426430110052536	
A001450	JJ	확인	현대해상                                	26	0	0	0	0052534	 매수취소	보통	2	162221				+38350	+38350	+38300			0	0	0	8283	0901004 	00	00000000	0	 38350	0	0	2	NXT	N	0	02
[16:22:21]:[0]39426430110052534	
A001450	JJ	접수	현대해상                                	26	38150	0	0	0000000	+매수	보통	2	162219				+38350	+38350	+38300			0	0	0	8283	0901004 	00	00000000	0	 38350	0	1	2	NXT	N	0	02
[16:22:21]:[v]3942643011
000069969833	000046646555	000034984916	000013993966	000000000000	000000000000	000000000000	000000000000	000000000000	000000000000	000000000000	000000000000	000003996975	000027987933	000023323277	000013993966	0	0	0	1	N
[16:22:21]:[v]3942643011
000069969833	000046646555	000034984916	000013993966	000000000000	000000000000	000000000000	000000000000	000000000000	000000000000	000000000000	000000000000	000003996975	000027987933	000023323277	000013993966	0	0	0	1	N
[16:22:21]:[v]3942643011
000070961733	000047307822	000035480866	000014192346	000000000000	000000000000	000000000000	000000000000	000000000000	000000000000	000000000000	000000000000	000004988875	000028384693	000023653911	000014192346	0	0	0	1	N
[16:22:21]:[0]39426430110052537	
A001450	JJ	접수	현대해상                                	26	38150	26	0	0000000	+매수	보통	2	162222				+38350	+38350	+38300			0	0	0	8283	0901004 	00	00000000	0	 38350	0	0	2	NXT	N	0	02
[16:22:22]:[v]3942643011
000069969833	000046646555	000034984916	000013993966	000000000000	000000000000	000000000000	000000000000	000000000000	000000000000	000000000000	000000000000	000003996975	000027987933	000023323277	000013993966	0	0	0	1	N
[16:22:31]:[0]39426430110052540	
A001450	JJ	접수	현대해상                                	26	0	26	0	0052533	 매수취소	보통	2	162231				+38350	+38350	+38300			0	0	0	8283	0901004 	00	00000000	0	 38350	0	0	2	NXT	N	0	02
[16:22:31]:[0]39426430110052540	
A001450	JJ	확인	현대해상                                	26	0	0	0	0052533	 매수취소	보통	2	162231				+38350	+38350	+38300			0	0	0	8283	0901004 	00	00000000	0	 38350	0	0	2	NXT	N	0	02
[16:22:31]:[0]39426430110052533	
A001450	JJ	접수	현대해상                                	26	38200	0	0	0000000	+매수	보통	2	162212				+38350	+38350	+38300			0	0	0	8283	0901004 	00	00000000	0	 38350	0	1	2	NXT	N	0	02
[16:22:31]:[v]3942643011
000069969833	000046646555	000034984916	000013993966	000000000000	000000000000	000000000000	000000000000	000000000000	000000000000	000000000000	000000000000	000003996975	000027987933	000023323277	000013993966	0	0	0	1	N
[16:22:31]:[v]3942643011
000070963033	000047308688	000035481516	000014192606	000000000000	000000000000	000000000000	000000000000	000000000000	000000000000	000000000000	000000000000	000004990175	000028385213	000023654344	000014192606	0	0	0	1	N
[16:25:27]:[0]39426430110052669	
A001450	JJ	접수	현대해상                                	26	38200	26	0	0000000	+매수	보통	2	162528				+38350	+38350	+38300			0	0	0	8283	0901004 	00	00000000	0	 38350	0	0	2	NXT	N	0	02
[16:25:27]:[v]3942643011
000069969833	000046646555	000034984916	000013993966	000000000000	000000000000	000000000000	000000000000	000000000000	000000000000	000000000000	000000000000	000003996975	000027987933	000023323277	000013993966	0	0	0	1	N
[16:25:47]:[v]3942643011
000068975333	000045983555	000034487666	000013795066	000000000000	000000000000	000000000000	000000000000	000000000000	000000000000	000000000000	000000000000	000003002475	000027590133	000022991777	000013795066	0	0	0	1	N
[16:25:47]:[0]39426430110052678	
A001450	JJ	접수	현대해상                                	26	38250	26	0	0000000	+매수	보통	2	162547				+38350	+38350	+38300			0	0	0	8283	0901004 	00	00000000	0	 38350	0	0	2	NXT	N	0	02
[16:27:03]:[v]3942643011
000067979533	000045319688	000033989766	000013595906	000000000000	000000000000	000000000000	000000000000	000000000000	000000000000	000000000000	000000000000	000002006675	000027191813	000022659844	000013595906	0	0	0	1	N
[16:27:03]:[0]39426430110052701	
A001450	JJ	접수	현대해상                                	26	38300	26	0	0000000	+매수	보통	2	162703				+38350	+38350	+38300			0	0	0	8283	0901004 	00	00000000	0	 38350	0	0	2	NXT	N	0	02
[16:27:09]:[0]39426430110052701	
A001450	JJ	체결	현대해상                                	26	38300	0	995800	0000000	+매수	보통	2	162709	44727	38300	26	+38350	+38350	+38300	38300	26	140	0	0	8283	0901004 	00	00000000	0	 38350	0	0	2	NXT	N	0	02
[16:27:09]:[v]3942643011
000067979533	000045319688	000033989766	000013595906	000000000000	000000000000	000000000000	000000000000	000000000000	000000000000	000000000000	000000000000	000002006675	000027191813	000022659844	000013595906	0	0	0	1	N
[16:27:09]:[4]3942643011A001450	00	00000000
현대해상                                	+38350	26	38300	995800	26	26	2	36970	0	+38350	+38300	33350	0.16	0	0	00000000	36970	0.16	0	0.00	0	0	 38350	2	+5000	14.99	-23350	+43350	10	0.00	0	 0
[16:27:51]:[v]3942643011
000066983732	000044655822	000033491866	000013396746	000000000000	000000000000	000000000000	000000000000	000000000000	000000000000	000000000000	000000000000	000001010876	000026793493	000022327911	000013396746	0	0	0	1	N
[16:27:51]:[0]39426430110052718	
A001450	JJ	접수	현대해상                                	26	38300	26	0	0000000	+매수	보통	2	162752				+38350	+38350	+38300			0	0	0	8283	0901004 	00	00000000	0	 38350	0	0	2	NXT	N	0	02
[16:28:08]:[v]3942643011
000065986632	000043991088	000032993316	000013197326	000000000000	000000000000	000000000000	000000000000	000000000000	000000000000	000000000000	000000000000	000000013776	000026394653	000021995544	000013197326	0	0	0	1	N
[16:28:08]:[0]39426430110052722	
A001450	JJ	접수	현대해상                                	26	38350	26	0	0000000	+매수	보통	2	162809				+38350	+38350	+38300			0	0	0	8283	0901004 	00	00000000	0	 38350	0	0	2	NXT	N	0	02
[16:29:16]:[v]3942643011
000065986632	000043991088	000032993316	000013197326	000000000000	000000000000	000000000000	000000000000	000000000000	000000000000	000000000000	000000000000	000000013776	000026394653	000021995544	000013197326	0	0	0	1	N
[16:29:16]:[0]39426430110052722	
A001450	JJ	체결	현대해상                                	26	38350	2	920400	0000000	+매수	보통	2	162916	44772	38350	24	+38350	+38350	+38300	38350	24	130	0	0	8283	0901004 	00	00000000	0	 38350	0	0	2	NXT	N	0	02
[16:29:16]:[4]3942643011A001450	00	00000000
현대해상                                	+38350	50	38324	1916200	50	50	2	36970	0	+38350	+38300	33350	0.16	0	0	00000000	36970	0.16	0	0.00	0	0	 38350	2	+5000	14.99	-23350	+43350	10	0.00	0	 0
[16:29:25]:[v]3942643011
000065986632	000043991088	000032993316	000013197326	000000000000	000000000000	000000000000	000000000000	000000000000	000000000000	000000000000	000000000000	000000013775	000026394653	000021995544	000013197326	0	0	0	1	N
[16:29:25]:[0]39426430110052722	
A001450	JJ	체결	현대해상                                	26	38350	0	997100	0000000	+매수	보통	2	162926	44780	38350	26	+38350	+38350	+38300	38350	2	140	0	0	8283	0901004 	00	00000000	0	 38350	0	0	2	NXT	N	0	02
[16:29:25]:[4]3942643011A001450	00	00000000
현대해상                                	+38350	52	38325	1992900	52	52	2	36970	0	+38350	+38300	33350	0.16	0	0	00000000	36970	0.16	0	0.00	0	0	 38350	2	+5000	14.99	-23350	+43350	10	0.00	0	 0
[16:29:36]:[v]3942643011
000064989532	000043326355	000032494766	000012997906	000000000000	000000000000	000000000000	000000000000	000000000000	000000000000	000000000000	000000000000	000000000000	000025995813	000021663177	000012997906	0	0	0	1	N
[16:29:36]:[0]39426430110052757	
A001450	JJ	접수	현대해상                                	26	38350	26	0	0000000	+매수	보통	2	162937				+38350	+38350	+38300			0	0	0	8283	0901004 	00	00000000	0	 38350	0	0	2	NXT	N	0	02
[16:30:01]:[v]3942643011
000063991132	000042660755	000031995566	000012798226	000000000000	000000000000	000000000000	000000000000	000000000000	000000000000	000000000000	000000000000	000000000000	000025596453	000021330377	000012798226	0	0	0	1	N
[16:30:01]:[0]39426430110052768	
A001450	JJ	접수	현대해상                                	26	38400	26	0	0000000	+매수	보통	2	163001				+38350	+38350	+38300			0	0	0	8283	0901004 	00	00000000	0	 38350	0	0	2	NXT	N	0	02
[16:30:16]:[0]39426430110052768	
A001450	JJ	체결	현대해상                                	26	38400	0	998400	0000000	+매수	보통	2	163016	44796	38400	26	+38350	+38350	+38300	38400	26	140	0	0	8283	0901004 	00	00000000	0	 38350	0	0	2	NXT	N	0	02
[16:30:16]:[v]3942643011
000063991132	000042660755	000031995566	000012798226	000000000000	000000000000	000000000000	000000000000	000000000000	000000000000	000000000000	000000000000	000000000000	000025596453	000021330377	000012798226	0	0	0	1	N
[16:30:16]:[4]3942643011A001450	00	00000000
현대해상                                	+38350	78	38350	2991300	78	78	2	36970	0	+38350	+38300	33350	0.16	0	0	00000000	36970	0.16	0	0.00	0	0	 38350	2	+5000	14.99	-23350	+43350	10	0.00	0	 0
[16:30:19]:[v]3942643011
000062992732	000041995155	000031496366	000012598546	000000000000	000000000000	000000000000	000000000000	000000000000	000000000000	000000000000	000000000000	000000000000	000025197093	000020997577	000012598546	0	0	0	1	N
[16:30:19]:[0]39426430110052781	
A001450	JJ	접수	현대해상                                	26	38400	26	0	0000000	+매수	보통	2	163019				+38350	+38350	+38300			0	0	0	8283	0901004 	00	00000000	0	 38350	0	0	2	NXT	N	0	02
[16:30:40]:[0]39426430110052788	
A001450	JJ	접수	현대해상                                	26	38450	26	0	0000000	+매수	보통	2	163040				+38350	+38350	+38300			0	0	0	8283	0901004 	00	00000000	0	 38350	0	0	2	NXT	N	0	02
[16:30:40]:[v]3942643011
000061993032	000041328688	000030996516	000012398606	000000000000	000000000000	000000000000	000000000000	000000000000	000000000000	000000000000	000000000000	000000000000	000024797213	000020664344	000012398606	0	0	0	1	N
[16:32:48]:[0]39426430110052788	
A001450	JJ	체결	현대해상                                	26	38450	0	999700	0000000	+매수	보통	2	163248	44839	38450	26	+38350	+38350	+38300	38450	26	140	0	0	8283	0901004 	00	00000000	0	 38350	0	0	2	NXT	N	0	02
[16:32:48]:[v]3942643011
000061993032	000041328688	000030996516	000012398606	000000000000	000000000000	000000000000	000000000000	000000000000	000000000000	000000000000	000000000000	000000000000	000024797213	000020664344	000012398606	0	0	0	1	N
[16:32:48]:[4]3942643011A001450	00	00000000
현대해상                                	+38350	104	38375	3991000	104	104	2	36970	0	+38350	+38300	33350	0.16	0	0	00000000	36970	0.16	0	0.00	0	0	 38350	2	+5000	14.99	-23350	+43350	10	0.00	0	 0
[16:32:54]:[v]3942643011
000060993332	000040662222	000030496666	000012198666	000000000000	000000000000	000000000000	000000000000	000000000000	000000000000	000000000000	000000000000	000000000000	000024397333	000020331111	000012198666	0	0	0	1	N
[16:32:54]:[0]39426430110052831	
A001450	JJ	접수	현대해상                                	26	38450	26	0	0000000	+매수	보통	2	163252				+38350	+38350	+38300			0	0	0	8283	0901004 	00	00000000	0	 38350	0	0	2	NXT	N	0	02
[16:33:25]:[v]3942643011
000060993332	000040662222	000030496666	000012198666	000000000000	000000000000	000000000000	000000000000	000000000000	000000000000	000000000000	000000000000	000000000000	000024397333	000020331111	000012198666	0	0	0	1	N
[16:33:25]:[0]39426430110052831	
A001450	JJ	체결	현대해상                                	26	38450	0	999700	0000000	+매수	보통	2	163326	44881	38450	26	+38350	+38350	+38300	38450	26	140	0	0	8283	0901004 	00	00000000	0	 38350	0	0	2	NXT	N	0	02
[16:33:25]:[4]3942643011A001450	00	00000000
현대해상                                	+38350	130	38390	4990700	130	130	2	36970	0	+38350	+38300	33350	0.16	0	0	00000000	36970	0.16	0	0.00	0	0	 38350	2	+5000	14.99	-23350	+43350	10	0.00	0	 0
[16:34:21]:[v]3942643011
000060993332	000040662222	000030496666	000012198666	000000000000	000000000000	000000000000	000000000000	000000000000	000000000000	000000000000	000000000000	000000000000	000024397333	000020331111	000012198666	0	0	0	1	N
[16:34:21]:[0]39426430110052781	
A001450	JJ	체결	현대해상                                	26	38400	0	998400	0000000	+매수	보통	2	163421	44908	38400	26	+38350	+38350	+38300	38400	26	140	0	0	8283	0901004 	00	00000000	0	 38350	0	0	2	NXT	N	0	02
[16:34:21]:[4]3942643011A001450	00	00000000
현대해상                                	+38350	156	38392	5989100	156	156	2	36970	0	+38350	+38300	33350	0.16	0	0	00000000	36970	0.16	0	0.00	0	0	 38350	2	+5000	14.99	-23350	+43350	10	0.00	0	 0
[16:34:46]:[v]3942643011
000059994932	000039996622	000029997466	000011998986	000000000000	000000000000	000000000000	000000000000	000000000000	000000000000	000000000000	000000000000	000000000000	000023997973	000019998311	000011998986	0	0	0	1	N
[16:34:46]:[0]39426430110052865	
A001450	JJ	접수	현대해상                                	26	38400	26	0	0000000	+매수	보통	2	163447				+38350	+38350	+38300			0	0	0	8283	0901004 	00	00000000	0	 38350	0	0	2	NXT	N	0	02
[16:36:25]:[v]3942643011
000058993932	000039329288	000029496966	000011798786	000000000000	000000000000	000000000000	000000000000	000000000000	000000000000	000000000000	000000000000	000000000000	000023597573	000019664644	000011798786	0	0	0	1	N
[16:36:25]:[0]39426430110052891	
A001450	JJ	접수	현대해상                                	26	38500	26	0	0000000	+매수	보통	2	163625				+38350	+38350	+38300			0	0	0	8283	0901004 	00	00000000	0	 38350	0	0	2	NXT	N	0	02
[16:37:15]:[0]39426430110052899	
A001450	JJ	접수	현대해상                                	26	38450	26	0	0000000	+매수	보통	2	163715				+38350	+38350	+38300			0	0	0	8283	0901004 	00	00000000	0	 38350	0	0	2	NXT	N	0	02
[16:37:15]:[v]3942643011
000057994232	000038662822	000028997116	000011598846	000000000000	000000000000	000000000000	000000000000	000000000000	000000000000	000000000000	000000000000	000000000000	000023197693	000019331411	000011598846	0	0	0	1	N
[16:37:49]:[0]39426430110052891	
A001450	JJ	체결	현대해상                                	26	38500	0	1001000	0000000	+매수	보통	2	163749	45010	38500	26	+38350	+38350	+38300	38500	26	150	0	0	8283	0901004 	00	00000000	0	 38350	0	0	2	NXT	N	0	02
[16:37:49]:[v]3942643011
000057994232	000038662822	000028997116	000011598846	000000000000	000000000000	000000000000	000000000000	000000000000	000000000000	000000000000	000000000000	000000000000	000023197693	000019331411	000011598846	0	0	0	1	N
[16:37:49]:[4]3942643011A001450	00	00000000
현대해상                                	+38350	182	38407	6990100	182	182	2	36970	0	+38350	+38300	33350	0.16	0	0	00000000	36970	0.16	0	0.00	0	0	 38350	2	+5000	14.99	-23350	+43350	10	0.00	0	 0
[16:39:21]:[v]3942643011
000057994232	000038662822	000028997116	000011598846	000000000000	000000000000	000000000000	000000000000	000000000000	000000000000	000000000000	000000000000	000000000000	000023197693	000019331411	000011598846	0	0	0	1	N
[16:39:21]:[0]39426430110052955	
A001450	JJ	접수	현대해상                                	26	0	26	0	0052899	 매수취소	보통	2	163922				+38350	+38350	+38300			0	0	0	8283	0901004 	00	00000000	0	 38350	0	0	2	NXT	N	0	02
[16:39:21]:[0]39426430110052955	
A001450	JJ	확인	현대해상                                	26	0	0	0	0052899	 매수취소	보통	2	163922				+38350	+38350	+38300			0	0	0	8283	0901004 	00	00000000	0	 38350	0	0	2	NXT	N	0	02
[16:39:21]:[0]39426430110052899	
A001450	JJ	접수	현대해상                                	26	38450	0	0	0000000	+매수	보통	2	163715				+38350	+38350	+38300			0	0	0	8283	0901004 	00	00000000	0	 38350	0	1	2	NXT	N	0	02
[16:39:21]:[v]3942643011
000058993932	000039329288	000029496966	000011798786	000000000000	000000000000	000000000000	000000000000	000000000000	000000000000	000000000000	000000000000	000000000000	000023597573	000019664644	000011798786	0	0	0	1	N
[16:40:06]:[v]3942643011
000058993932	000039329288	000029496966	000011798786	000000000000	000000000000	000000000000	000000000000	000000000000	000000000000	000000000000	000000000000	000000000000	000023597573	000019664644	000011798786	0	0	0	1	N
[16:40:06]:[0]39426430110052989	
A001450	JJ	접수	현대해상                                	26	0	26	0	0052865	 매수취소	보통	2	164007				+38350	+38350	+38300			0	0	0	8283	0901004 	00	00000000	0	 38350	0	0	2	NXT	N	0	02
[16:40:06]:[0]39426430110052989	
A001450	JJ	확인	현대해상                                	26	0	0	0	0052865	 매수취소	보통	2	164007				+38350	+38350	+38300			0	0	0	8283	0901004 	00	00000000	0	 38350	0	0	2	NXT	N	0	02
[16:40:06]:[0]39426430110052865	
A001450	JJ	접수	현대해상                                	26	38400	0	0	0000000	+매수	보통	2	163447				+38350	+38350	+38300			0	0	0	8283	0901004 	00	00000000	0	 38350	0	1	2	NXT	N	0	02
[16:40:06]:[v]3942643011
000059992332	000039994888	000029996166	000011998466	000000000000	000000000000	000000000000	000000000000	000000000000	000000000000	000000000000	000000000000	000000000000	000023996933	000019997444	000011998466	0	0	0	1	N
[16:43:28]:[0]39426430110052757	
A001450	JJ	체결	현대해상                                	26	38350	0	997100	0000000	+매수	보통	2	164328	45136	38350	26	+38350	+38350	+38300	38350	26	140	0	0	8283	0901004 	00	00000000	0	 38350	0	0	2	NXT	N	0	02
[16:43:28]:[v]3942643011
000059992332	000039994888	000029996166	000011998466	000000000000	000000000000	000000000000	000000000000	000000000000	000000000000	000000000000	000000000000	000000000000	000023996933	000019997444	000011998466	0	0	0	1	N
[16:43:28]:[4]3942643011A001450	00	00000000
현대해상                                	+38350	208	38400	7987200	208	208	2	36970	0	+38350	+38300	33350	0.16	0	0	00000000	36970	0.16	0	0.00	0	0	 38350	2	+5000	14.99	-23350	+43350	10	0.00	0	 0
[16:43:51]:[0]39426430110052718	
A001450	JJ	체결	현대해상                                	26	38300	0	995800	0000000	+매수	보통	2	164351	45150	38300	26	+38350	+38350	+38300	38300	26	140	0	0	8283	0901004 	00	00000000	0	 38350	0	0	2	NXT	N	0	02
[16:43:51]:[v]3942643011
000059992332	000039994888	000029996166	000011998466	000000000000	000000000000	000000000000	000000000000	000000000000	000000000000	000000000000	000000000000	000000000000	000023996933	000019997444	000011998466	0	0	0	1	N
[16:43:51]:[4]3942643011A001450	00	00000000
현대해상                                	+38350	234	38389	8983000	234	234	2	36970	0	+38350	+38300	33350	0.16	0	0	00000000	36970	0.16	0	0.00	0	0	 38350	2	+5000	14.99	-23350	+43350	10	0.00	0	 0
[16:45:13]:[0]39426430110053089	
A001450	JJ	접수	현대해상                                	26	0	26	0	0052488	 매수취소	보통	2	164513				+38350	+38350	+38300			0	0	0	8283	0901004 	00	00000000	0	 38350	0	0	2	NXT	N	0	02
[16:45:13]:[0]39426430110053089	
A001450	JJ	확인	현대해상                                	26	0	0	0	0052488	 매수취소	보통	2	164513				+38350	+38350	+38300			0	0	0	8283	0901004 	00	00000000	0	 38350	0	0	2	NXT	N	0	02
[16:45:13]:[0]39426430110052488	
A001450	JJ	접수	현대해상                                	26	37850	0	0	0000000	+매수	보통	2	161944				+38350	+38350	+38300			0	0	0	8283	0901004 	00	00000000	0	 38350	0	1	2	NXT	N	0	02
[16:45:13]:[v]3942643011
000059992332	000039994888	000029996166	000011998466	000000000000	000000000000	000000000000	000000000000	000000000000	000000000000	000000000000	000000000000	000000000000	000023996933	000019997444	000011998466	0	0	0	1	N
[16:45:13]:[v]3942643011
000060976432	000040650955	000030488216	000012195286	000000000000	000000000000	000000000000	000000000000	000000000000	000000000000	000000000000	000000000000	000000000000	000024390573	000020325477	000012195286	0	0	0	1	N
[16:45:13]:[v]3942643011
000060976432	000040650955	000030488216	000012195286	000000000000	000000000000	000000000000	000000000000	000000000000	000000000000	000000000000	000000000000	000000000000	000024390573	000020325477	000012195286	0	0	0	1	N
[16:45:13]:[0]39426430110053090	
A001450	JJ	접수	현대해상                                	26	0	26	0	0052483	 매수취소	보통	2	164513				+38350	+38350	+38300			0	0	0	8283	0901004 	00	00000000	0	 38350	0	0	2	NXT	N	0	02
[16:45:13]:[0]39426430110053090	
A001450	JJ	확인	현대해상                                	26	0	0	0	0052483	 매수취소	보통	2	164513				+38350	+38350	+38300			0	0	0	8283	0901004 	00	00000000	0	 38350	0	0	2	NXT	N	0	02
[16:45:13]:[0]39426430110052483	
A001450	JJ	접수	현대해상                                	26	38050	0	0	0000000	+매수	보통	2	161942				+38350	+38350	+38300			0	0	0	8283	0901004 	00	00000000	0	 38350	0	1	2	NXT	N	0	02
[16:45:13]:[0]39426430110053091	
A001450	JJ	접수	현대해상                                	26	0	26	0	0052484	 매수취소	보통	2	164513				+38350	+38350	+38300			0	0	0	8283	0901004 	00	00000000	0	 38350	0	0	2	NXT	N	0	02
[16:45:13]:[0]39426430110053091	
A001450	JJ	확인	현대해상                                	26	0	0	0	0052484	 매수취소	보통	2	164513				+38350	+38350	+38300			0	0	0	8283	0901004 	00	00000000	0	 38350	0	0	2	NXT	N	0	02
[16:45:13]:[0]39426430110052484	
A001450	JJ	접수	현대해상                                	26	38000	0	0	0000000	+매수	보통	2	161942				+38350	+38350	+38300			0	0	0	8283	0901004 	00	00000000	0	 38350	0	1	2	NXT	N	0	02
[16:45:13]:[0]39426430110053092	
A001450	JJ	접수	현대해상                                	26	0	26	0	0052481	 매수취소	보통	2	164513				+38350	+38350	+38300			0	0	0	8283	0901004 	00	00000000	0	 38350	0	0	2	NXT	N	0	02
[16:45:13]:[0]39426430110053092	
A001450	JJ	확인	현대해상                                	26	0	0	0	0052481	 매수취소	보통	2	164513				+38350	+38350	+38300			0	0	0	8283	0901004 	00	00000000	0	 38350	0	0	2	NXT	N	0	02
[16:45:13]:[0]39426430110052481	
A001450	JJ	접수	현대해상                                	26	38100	0	0	0000000	+매수	보통	2	161941				+38350	+38350	+38300			0	0	0	8283	0901004 	00	00000000	0	 38350	0	1	2	NXT	N	0	02
[16:45:13]:[0]39426430110053093	
A001450	JJ	접수	현대해상                                	26	0	26	0	0052486	 매수취소	보통	2	164513				+38350	+38350	+38300			0	0	0	8283	0901004 	00	00000000	0	 38350	0	0	2	NXT	N	0	02
[16:45:13]:[0]39426430110053093	
A001450	JJ	확인	현대해상                                	26	0	0	0	0052486	 매수취소	보통	2	164513				+38350	+38350	+38300			0	0	0	8283	0901004 	00	00000000	0	 38350	0	0	2	NXT	N	0	02
[16:45:13]:[v]3942643011
000061965732	000041310488	000030982866	000012393146	000000000000	000000000000	000000000000	000000000000	000000000000	000000000000	000000000000	000000000000	000000000000	000024786293	000020655244	000012393146	0	0	0	1	N
[16:45:13]:[v]3942643011
000061965732	000041310488	000030982866	000012393146	000000000000	000000000000	000000000000	000000000000	000000000000	000000000000	000000000000	000000000000	000000000000	000024786293	000020655244	000012393146	0	0	0	1	N
[16:45:13]:[v]3942643011
000062953732	000041969155	000031476866	000012590746	000000000000	000000000000	000000000000	000000000000	000000000000	000000000000	000000000000	000000000000	000000000000	000025181493	000020984577	000012590746	0	0	0	1	N
[16:45:13]:[v]3942643011
000062953732	000041969155	000031476866	000012590746	000000000000	000000000000	000000000000	000000000000	000000000000	000000000000	000000000000	000000000000	000000000000	000025181493	000020984577	000012590746	0	0	0	1	N
[16:45:13]:[v]3942643011
000063944332	000042629555	000031972166	000012788866	000000000000	000000000000	000000000000	000000000000	000000000000	000000000000	000000000000	000000000000	000000000000	000025577733	000021314777	000012788866	0	0	0	1	N
[16:45:13]:[v]3942643011
000063944332	000042629555	000031972166	000012788866	000000000000	000000000000	000000000000	000000000000	000000000000	000000000000	000000000000	000000000000	000000000000	000025577733	000021314777	000012788866	0	0	0	1	N
[16:45:13]:[0]39426430110052486	
A001450	JJ	접수	현대해상                                	26	37900	0	0	0000000	+매수	보통	2	161944				+38350	+38350	+38300			0	0	0	8283	0901004 	00	00000000	0	 38350	0	1	2	NXT	N	0	02
[16:45:13]:[0]39426430110053094	
A001450	JJ	접수	현대해상                                	26	0	26	0	0052669	 매수취소	보통	2	164513				+38350	+38350	+38300			0	0	0	8283	0901004 	00	00000000	0	 38350	0	0	2	NXT	N	0	02
[16:45:13]:[0]39426430110053094	
A001450	JJ	확인	현대해상                                	26	0	0	0	0052669	 매수취소	보통	2	164513				+38350	+38350	+38300			0	0	0	8283	0901004 	00	00000000	0	 38350	0	0	2	NXT	N	0	02
[16:45:13]:[0]39426430110052669	
A001450	JJ	접수	현대해상                                	26	38200	0	0	0000000	+매수	보통	2	162528				+38350	+38350	+38300			0	0	0	8283	0901004 	00	00000000	0	 38350	0	1	2	NXT	N	0	02
[16:45:13]:[0]39426430110053095	
A001450	JJ	접수	현대해상                                	26	0	26	0	0052678	 매수취소	보통	2	164513				+38350	+38350	+38300			0	0	0	8283	0901004 	00	00000000	0	 38350	0	0	2	NXT	N	0	02
[16:45:13]:[v]3942643011
000064929732	000043286488	000032464866	000012985946	000000000000	000000000000	000000000000	000000000000	000000000000	000000000000	000000000000	000000000000	000000000000	000025971893	000021643244	000012985946	0	0	0	1	N
[16:45:13]:[v]3942643011
000064929732	000043286488	000032464866	000012985946	000000000000	000000000000	000000000000	000000000000	000000000000	000000000000	000000000000	000000000000	000000000000	000025971893	000021643244	000012985946	0	0	0	1	N
[16:45:13]:[v]3942643011
000065922932	000043948622	000032961466	000013184586	000000000000	000000000000	000000000000	000000000000	000000000000	000000000000	000000000000	000000000000	000000000000	000026369173	000021974311	000013184586	0	0	0	1	N
[16:45:13]:[v]3942643011
000065922932	000043948622	000032961466	000013184586	000000000000	000000000000	000000000000	000000000000	000000000000	000000000000	000000000000	000000000000	000000000000	000026369173	000021974311	000013184586	0	0	0	1	N
[16:45:13]:[v]3942643011
000066917432	000044611622	000033458716	000013383486	000000000000	000000000000	000000000000	000000000000	000000000000	000000000000	000000000000	000000000000	000000944575	000026766973	000022305811	000013383486	0	0	0	1	N
[16:45:13]:[0]39426430110053095	
A001450	JJ	확인	현대해상                                	26	0	0	0	0052678	 매수취소	보통	2	164513				+38350	+38350	+38300			0	0	0	8283	0901004 	00	00000000	0	 38350	0	0	2	NXT	N	0	02
[16:45:13]:[0]39426430110052678	
A001450	JJ	접수	현대해상                                	26	38250	0	0	0000000	+매수	보통	2	162547				+38350	+38350	+38300			0	0	0	8283	0901004 	00	00000000	0	 38350	0	1	2	NXT	N	0	02
[16:45:13]:[0]39426430110053096	
A001450	JJ	접수	현대해상                                	26	0	26	0	0052485	 매수취소	보통	2	164513				+38350	+38350	+38300			0	0	0	8283	0901004 	00	00000000	0	 38350	0	0	2	NXT	N	0	02
[16:45:13]:[0]39426430110053096	
A001450	JJ	확인	현대해상                                	26	0	0	0	0052485	 매수취소	보통	2	164513				+38350	+38350	+38300			0	0	0	8283	0901004 	00	00000000	0	 38350	0	0	2	NXT	N	0	02
[16:45:13]:[0]39426430110052485	
A001450	JJ	접수	현대해상                                	26	37950	0	0	0000000	+매수	보통	2	161943				+38350	+38350	+38300			0	0	0	8283	0901004 	00	00000000	0	 38350	0	1	2	NXT	N	0	02
[16:45:13]:[0]39426430110053097	
A001450	JJ	접수	현대해상                                	26	0	26	0	0052489	 매수취소	보통	2	164513				+38350	+38350	+38300			0	0	0	8283	0901004 	00	00000000	0	 38350	0	0	2	NXT	N	0	02
[16:45:13]:[0]39426430110053097	
A001450	JJ	확인	현대해상                                	26	0	0	0	0052489	 매수취소	보통	2	164513				+38350	+38350	+38300			0	0	0	8283	0901004 	00	00000000	0	 38350	0	0	2	NXT	N	0	02
[16:45:13]:[0]39426430110052489	
A001450	JJ	접수	현대해상                                	26	37800	0	0	0000000	+매수	보통	2	161946				+38350	+38350	+38300			0	0	0	8283	0901004 	00	00000000	0	 38350	0	1	2	NXT	N	0	02
[16:45:13]:[0]39426430110053098	
A001450	JJ	접수	현대해상                                	26	0	26	0	0052537	 매수취소	보통	2	164513				+38350	+38350	+38300			0	0	0	8283	0901004 	00	00000000	0	 38350	0	0	2	NXT	N	0	02
[16:45:13]:[0]39426430110053098	
A001450	JJ	확인	현대해상                                	26	0	0	0	0052537	 매수취소	보통	2	164513				+38350	+38350	+38300			0	0	0	8283	0901004 	00	00000000	0	 38350	0	0	2	NXT	N	0	02
[16:45:13]:[0]39426430110052537	
A001450	JJ	접수	현대해상                                	26	38150	0	0	0000000	+매수	보통	2	162222				+38350	+38350	+38300			0	0	0	8283	0901004 	00	00000000	0	 38350	0	1	2	NXT	N	0	02
[16:45:13]:[v]3942643011
000066917432	000044611622	000033458716	000013383486	000000000000	000000000000	000000000000	000000000000	000000000000	000000000000	000000000000	000000000000	000000944575	000026766973	000022305811	000013383486	0	0	0	1	N
[16:45:13]:[v]3942643011
000067904133	000045269422	000033952066	000013580826	000000000000	000000000000	000000000000	000000000000	000000000000	000000000000	000000000000	000000000000	000001931275	000027161653	000022634711	000013580826	0	0	0	1	N
[16:45:13]:[v]3942643011
000067904133	000045269422	000033952066	000013580826	000000000000	000000000000	000000000000	000000000000	000000000000	000000000000	000000000000	000000000000	000001931275	000027161653	000022634711	000013580826	0	0	0	1	N
[16:45:13]:[v]3942643011
000068886933	000045924622	000034443466	000013777386	000000000000	000000000000	000000000000	000000000000	000000000000	000000000000	000000000000	000000000000	000002914075	000027554773	000022962311	000013777386	0	0	0	1	N
[16:45:13]:[v]3942643011
000068886933	000045924622	000034443466	000013777386	000000000000	000000000000	000000000000	000000000000	000000000000	000000000000	000000000000	000000000000	000002914075	000027554773	000022962311	000013777386	0	0	0	1	N
[16:45:13]:[v]3942643011
000069878833	000046585888	000034939416	000013975766	000000000000	000000000000	000000000000	000000000000	000000000000	000000000000	000000000000	000000000000	000003905975	000027951533	000023292944	000013975766	0	0	0	1	N
[16:45:40]:[0]39426430110053106	
A001450	JJ	접수	현대해상                                	26	38250	26	0	0000000	+매수	보통	2	164540				+38350	+38350	+38300			0	0	0	8283	0901004 	00	00000000	0	 38350	0	0	2	NXT	N	0	02
[16:45:40]:[v]3942643011
000068884333	000045922888	000034442166	000013776866	000000000000	000000000000	000000000000	000000000000	000000000000	000000000000	000000000000	000000000000	000002911475	000027553733	000022961444	000013776866	0	0	0	1	N
[16:45:42]:[0]39426430110053107	
A001450	JJ	접수	현대해상                                	26	38250	26	0	0000000	+매수	보통	2	164542				+38350	+38350	+38300			0	0	0	8283	0901004 	00	00000000	0	 38350	0	0	2	NXT	N	0	02
[16:45:42]:[v]3942643011
000067889833	000045259888	000033944916	000013577966	000000000000	000000000000	000000000000	000000000000	000000000000	000000000000	000000000000	000000000000	000001916975	000027155933	000022629944	000013577966	0	0	0	1	N
[16:45:43]:[0]39426430110053108	
A001450	JJ	접수	현대해상                                	26	38250	26	0	0000000	+매수	보통	2	164543				+38350	+38350	+38300			0	0	0	8283	0901004 	00	00000000	0	 38350	0	0	2	NXT	N	0	02
[16:45:43]:[v]3942643011
000066895332	000044596888	000033447666	000013379066	000000000000	000000000000	000000000000	000000000000	000000000000	000000000000	000000000000	000000000000	000000922475	000026758133	000022298444	000013379066	0	0	0	1	N
[16:45:59]:[v]3942643011
000066894032	000044596022	000033447016	000013378806	000000000000	000000000000	000000000000	000000000000	000000000000	000000000000	000000000000	000000000000	000000921175	000026757613	000022298011	000013378806	0	0	0	1	N
[16:45:59]:[v]3942643011
000066894032	000044596022	000033447016	000013378806	000000000000	000000000000	000000000000	000000000000	000000000000	000000000000	000000000000	000000000000	000000921175	000026757613	000022298011	000013378806	0	0	0	1	N
[16:45:59]:[0]39426430110053116	
A001450	JJ	접수	현대해상                                	26	38300	26	0	0053106	+매수정정	보통	2	164600				+38350	+38350	+38300			0	0	0	8283	0901004 	00	00000000	0	 38350	0	0	2	NXT	N	0	02
[16:45:59]:[0]39426430110053116	
A001450	JJ	확인	현대해상                                	26	38300	26	0	0053106	+매수정정	보통	2	164600				+38350	+38350	+38300			0	0	0	8283	0901004 	00	00000000	0	 38350	0	0	2	NXT	N	0	02
[16:45:59]:[0]39426430110053106	
A001450	JJ	접수	현대해상                                	26	38250	0	0	0000000	+매수	보통	2	164540				+38350	+38350	+38300			0	0	0	8283	0901004 	00	00000000	0	 38350	0	1	2	NXT	N	0	02
[16:45:59]:[0]39426430110053117	
A001450	JJ	접수	현대해상                                	26	38300	26	0	0053107	+매수정정	보통	2	164600				+38350	+38350	+38300			0	0	0	8283	0901004 	00	00000000	0	 38350	0	0	2	NXT	N	0	02
[16:45:59]:[0]39426430110053117	
A001450	JJ	확인	현대해상                                	26	38300	26	0	0053107	+매수정정	보통	2	164600				+38350	+38350	+38300			0	0	0	8283	0901004 	00	00000000	0	 38350	0	0	2	NXT	N	0	02
[16:45:59]:[0]39426430110053107	
A001450	JJ	접수	현대해상                                	26	38250	0	0	0000000	+매수	보통	2	164542				+38350	+38350	+38300			0	0	0	8283	0901004 	00	00000000	0	 38350	0	1	2	NXT	N	0	02
[16:45:59]:[0]39426430110053118	
A001450	JJ	접수	현대해상                                	26	38300	26	0	0053108	+매수정정	보통	2	164600				+38350	+38350	+38300			0	0	0	8283	0901004 	00	00000000	0	 38350	0	0	2	NXT	N	0	02
[16:45:59]:[0]39426430110053118	
A001450	JJ	확인	현대해상                                	26	38300	26	0	0053108	+매수정정	보통	2	164600				+38350	+38350	+38300			0	0	0	8283	0901004 	00	00000000	0	 38350	0	0	2	NXT	N	0	02
[16:45:59]:[v]3942643011
000066892732	000044595155	000033446366	000013378546	000000000000	000000000000	000000000000	000000000000	000000000000	000000000000	000000000000	000000000000	000000919875	000026757093	000022297577	000013378546	0	0	0	1	N
[16:45:59]:[v]3942643011
000066892732	000044595155	000033446366	000013378546	000000000000	000000000000	000000000000	000000000000	000000000000	000000000000	000000000000	000000000000	000000919875	000026757093	000022297577	000013378546	0	0	0	1	N
[16:45:59]:[v]3942643011
000066891432	000044594288	000033445716	000013378286	000000000000	000000000000	000000000000	000000000000	000000000000	000000000000	000000000000	000000000000	000000918575	000026756573	000022297144	000013378286	0	0	0	1	N
[16:46:00]:[v]3942643011
000066891432	000044594288	000033445716	000013378286	000000000000	000000000000	000000000000	000000000000	000000000000	000000000000	000000000000	000000000000	000000918575	000026756573	000022297144	000013378286	0	0	0	1	N
[16:46:00]:[0]39426430110053108	
A001450	JJ	접수	현대해상                                	26	38250	0	0	0000000	+매수	보통	2	164543				+38350	+38350	+38300			0	0	0	8283	0901004 	00	00000000	0	 38350	0	1	2	NXT	N	0	02
[16:47:36]:[0]39426430110053142	
A001450	JJ	접수	현대해상                                	26	38350	26	0	0053116	+매수정정	보통	2	164736				+38350	+38350	+38300			0	0	0	8283	0901004 	00	00000000	0	 38350	0	0	2	NXT	N	0	02
[16:47:36]:[0]39426430110053142	
A001450	JJ	확인	현대해상                                	26	38350	26	0	0053116	+매수정정	보통	2	164736				+38350	+38350	+38300			0	0	0	8283	0901004 	00	00000000	0	 38350	0	0	2	NXT	N	0	02
[16:47:36]:[v]3942643011
000066890132	000044593422	000033445066	000013378026	000000000000	000000000000	000000000000	000000000000	000000000000	000000000000	000000000000	000000000000	000000917275	000026756053	000022296711	000013378026	0	0	0	1	N
[16:47:36]:[v]3942643011
000066890132	000044593422	000033445066	000013378026	000000000000	000000000000	000000000000	000000000000	000000000000	000000000000	000000000000	000000000000	000000917275	000026756053	000022296711	000013378026	0	0	0	1	N
[16:47:36]:[0]39426430110053116	
A001450	JJ	확인	현대해상                                	26	38300	0	0	0053106	+매수정정	보통	2	164600				+38350	+38350	+38300			0	0	0	8283	0901004 	00	00000000	0	 38350	0	1	2	NXT	N	0	02
[16:47:36]:[0]39426430110053143	
A001450	JJ	접수	현대해상                                	26	38350	26	0	0053117	+매수정정	보통	2	164736				+38350	+38350	+38300			0	0	0	8283	0901004 	00	00000000	0	 38350	0	0	2	NXT	N	0	02
[16:47:36]:[0]39426430110053143	
A001450	JJ	확인	현대해상                                	26	38350	26	0	0053117	+매수정정	보통	2	164736				+38350	+38350	+38300			0	0	0	8283	0901004 	00	00000000	0	 38350	0	0	2	NXT	N	0	02
[16:47:36]:[0]39426430110053117	
A001450	JJ	확인	현대해상                                	26	38300	0	0	0053107	+매수정정	보통	2	164600				+38350	+38350	+38300			0	0	0	8283	0901004 	00	00000000	0	 38350	0	1	2	NXT	N	0	02
[16:47:36]:[0]39426430110053144	
A001450	JJ	접수	현대해상                                	26	38350	26	0	0053118	+매수정정	보통	2	164736				+38350	+38350	+38300			0	0	0	8283	0901004 	00	00000000	0	 38350	0	0	2	NXT	N	0	02
[16:47:36]:[0]39426430110053144	
A001450	JJ	확인	현대해상                                	26	38350	26	0	0053118	+매수정정	보통	2	164736				+38350	+38350	+38300			0	0	0	8283	0901004 	00	00000000	0	 38350	0	0	2	NXT	N	0	02
[16:47:36]:[0]39426430110053118	
A001450	JJ	확인	현대해상                                	26	38300	0	0	0053108	+매수정정	보통	2	164600				+38350	+38350	+38300			0	0	0	8283	0901004 	00	00000000	0	 38350	0	1	2	NXT	N	0	02
[16:47:36]:[v]3942643011
000066888832	000044592555	000033444416	000013377766	000000000000	000000000000	000000000000	000000000000	000000000000	000000000000	000000000000	000000000000	000000915975	000026755533	000022296277	000013377766	0	0	0	1	N
[16:47:36]:[v]3942643011
000066888832	000044592555	000033444416	000013377766	000000000000	000000000000	000000000000	000000000000	000000000000	000000000000	000000000000	000000000000	000000915975	000026755533	000022296277	000013377766	0	0	0	1	N
[16:47:36]:[v]3942643011
000066887532	000044591688	000033443766	000013377506	000000000000	000000000000	000000000000	000000000000	000000000000	000000000000	000000000000	000000000000	000000914675	000026755013	000022295844	000013377506	0	0	0	1	N
[16:47:36]:[v]3942643011
000066887532	000044591688	000033443766	000013377506	000000000000	000000000000	000000000000	000000000000	000000000000	000000000000	000000000000	000000000000	000000914675	000026755013	000022295844	000013377506	0	0	0	1	N
[16:47:49]:[v]3942643011
000066887532	000044591688	000033443766	000013377506	000000000000	000000000000	000000000000	000000000000	000000000000	000000000000	000000000000	000000000000	000000914675	000026755013	000022295844	000013377506	0	0	0	1	N
[16:47:49]:[v]3942643011
000067884633	000045256422	000033942316	000013576926	000000000000	000000000000	000000000000	000000000000	000000000000	000000000000	000000000000	000000000000	000001911775	000027153853	000022628211	000013576926	0	0	0	1	N
[16:47:49]:[0]39426430110053147	
A001450	JJ	접수	현대해상                                	26	0	26	0	0053142	 매수취소	보통	2	164750				+38350	+38350	+38300			0	0	0	8283	0901004 	00	00000000	0	 38350	0	0	2	NXT	N	0	02
[16:47:49]:[0]39426430110053147	
A001450	JJ	확인	현대해상                                	26	0	0	0	0053142	 매수취소	보통	2	164750				+38350	+38350	+38300			0	0	0	8283	0901004 	00	00000000	0	 38350	0	0	2	NXT	N	0	02
[16:47:49]:[0]39426430110053142	
A001450	JJ	확인	현대해상                                	26	38350	0	0	0053116	+매수정정	보통	2	164736				+38350	+38350	+38300			0	0	0	8283	0901004 	00	00000000	0	 38350	0	1	2	NXT	N	0	02
[16:47:49]:[0]39426430110053148	
A001450	JJ	접수	현대해상                                	26	0	26	0	0053143	 매수취소	보통	2	164750				+38350	+38350	+38300			0	0	0	8283	0901004 	00	00000000	0	 38350	0	0	2	NXT	N	0	02
[16:47:49]:[0]39426430110053148	
A001450	JJ	확인	현대해상                                	26	0	0	0	0053143	 매수취소	보통	2	164750				+38350	+38350	+38300			0	0	0	8283	0901004 	00	00000000	0	 38350	0	0	2	NXT	N	0	02
[16:47:49]:[0]39426430110053143	
A001450	JJ	확인	현대해상                                	26	38350	0	0	0053117	+매수정정	보통	2	164736				+38350	+38350	+38300			0	0	0	8283	0901004 	00	00000000	0	 38350	0	1	2	NXT	N	0	02
[16:47:49]:[0]39426430110053149	
A001450	JJ	접수	현대해상                                	26	0	26	0	0053144	 매수취소	보통	2	164750				+38350	+38350	+38300			0	0	0	8283	0901004 	00	00000000	0	 38350	0	0	2	NXT	N	0	02
[16:47:49]:[0]39426430110053149	
A001450	JJ	확인	현대해상                                	26	0	0	0	0053144	 매수취소	보통	2	164750				+38350	+38350	+38300			0	0	0	8283	0901004 	00	00000000	0	 38350	0	0	2	NXT	N	0	02
[16:47:49]:[0]39426430110053144	
A001450	JJ	확인	현대해상                                	26	38350	0	0	0053118	+매수정정	보통	2	164736				+38350	+38350	+38300			0	0	0	8283	0901004 	00	00000000	0	 38350	0	1	2	NXT	N	0	02
[16:47:49]:[v]3942643011
000067884633	000045256422	000033942316	000013576926	000000000000	000000000000	000000000000	000000000000	000000000000	000000000000	000000000000	000000000000	000001911775	000027153853	000022628211	000013576926	0	0	0	1	N
[16:47:49]:[v]3942643011
000068881733	000045921155	000034440866	000013776346	000000000000	000000000000	000000000000	000000000000	000000000000	000000000000	000000000000	000000000000	000002908875	000027552693	000022960577	000013776346	0	0	0	1	N
[16:47:49]:[v]3942643011
000068881733	000045921155	000034440866	000013776346	000000000000	000000000000	000000000000	000000000000	000000000000	000000000000	000000000000	000000000000	000002908875	000027552693	000022960577	000013776346	0	0	0	1	N
[16:47:49]:[v]3942643011
000069878833	000046585888	000034939416	000013975766	000000000000	000000000000	000000000000	000000000000	000000000000	000000000000	000000000000	000000000000	000003905975	000027951533	000023292944	000013975766	0	0	0	1	N
[16:47:50]:[v]3942643011
000068881733	000045921155	000034440866	000013776346	000000000000	000000000000	000000000000	000000000000	000000000000	000000000000	000000000000	000000000000	000002908875	000027552693	000022960577	000013776346	0	0	0	1	N
[16:47:50]:[0]39426430110053151	
A001450	JJ	접수	현대해상                                	26	38350	26	0	0000000	+매수	보통	2	164751				+38350	+38350	+38300			0	0	0	8283	0901004 	00	00000000	0	 38350	0	0	2	NXT	N	0	02
[16:47:51]:[0]39426430110053152	
A001450	JJ	접수	현대해상                                	26	38300	26	0	0000000	+매수	보통	2	164751				+38350	+38350	+38300			0	0	0	8283	0901004 	00	00000000	0	 38350	0	0	2	NXT	N	0	02
[16:47:51]:[v]3942643011
000067885933	000045257288	000033942966	000013577186	000000000000	000000000000	000000000000	000000000000	000000000000	000000000000	000000000000	000000000000	000001913075	000027154373	000022628644	000013577186	0	0	0	1	N
[16:47:54]:[v]3942643011
000066890132	000044593422	000033445066	000013378026	000000000000	000000000000	000000000000	000000000000	000000000000	000000000000	000000000000	000000000000	000000917275	000026756053	000022296711	000013378026	0	0	0	1	N
[16:47:54]:[0]39426430110053153	
A001450	JJ	접수	현대해상                                	26	38300	26	0	0000000	+매수	보통	2	164752				+38350	+38350	+38300			0	0	0	8283	0901004 	00	00000000	0	 38350	0	0	2	NXT	N	0	02
[16:47:54]:[0]39426430110053155	
A001450	JJ	접수	현대해상                                	26	38250	26	0	0000000	+매수	보통	2	164753				+38350	+38350	+38300			0	0	0	8283	0901004 	00	00000000	0	 38350	0	0	2	NXT	N	0	02
[16:47:54]:[v]3942643011
000065895632	000043930422	000032947816	000013179126	000000000000	000000000000	000000000000	000000000000	000000000000	000000000000	000000000000	000000000000	000000000000	000026358253	000021965211	000013179126	0	0	0	1	N
[16:47:54]:[v]3942643011
000065895632	000043930422	000032947816	000013179126	000000000000	000000000000	000000000000	000000000000	000000000000	000000000000	000000000000	000000000000	000000000000	000026358253	000021965211	000013179126	0	0	0	1	N
[16:47:54]:[0]39426430110053156	
A001450	JJ	접수	현대해상                                	26	0	26	0	0053152	 매수취소	보통	2	164755				+38350	+38350	+38300			0	0	0	8283	0901004 	00	00000000	0	 38350	0	0	2	NXT	N	0	02
[16:47:54]:[0]39426430110053156	
A001450	JJ	확인	현대해상                                	26	0	0	0	0053152	 매수취소	보통	2	164755				+38350	+38350	+38300			0	0	0	8283	0901004 	00	00000000	0	 38350	0	0	2	NXT	N	0	02
[16:47:54]:[0]39426430110053152	
A001450	JJ	접수	현대해상                                	26	38300	0	0	0000000	+매수	보통	2	164751				+38350	+38350	+38300			0	0	0	8283	0901004 	00	00000000	0	 38350	0	1	2	NXT	N	0	02
[16:47:55]:[0]39426430110053157	
A001450	JJ	접수	현대해상                                	26	0	26	0	0053153	 매수취소	보통	2	164755				+38350	+38350	+38300			0	0	0	8283	0901004 	00	00000000	0	 38350	0	0	2	NXT	N	0	02
[16:47:55]:[v]3942643011
000066891432	000044594288	000033445716	000013378286	000000000000	000000000000	000000000000	000000000000	000000000000	000000000000	000000000000	000000000000	000000918575	000026756573	000022297144	000013378286	0	0	0	1	N
[16:47:55]:[v]3942643011
000066891432	000044594288	000033445716	000013378286	000000000000	000000000000	000000000000	000000000000	000000000000	000000000000	000000000000	000000000000	000000918575	000026756573	000022297144	000013378286	0	0	0	1	N
[16:47:55]:[v]3942643011
000067887233	000045258155	000033943616	000013577446	000000000000	000000000000	000000000000	000000000000	000000000000	000000000000	000000000000	000000000000	000001914375	000027154893	000022629077	000013577446	0	0	0	1	N
[16:47:55]:[0]39426430110053157	
A001450	JJ	확인	현대해상                                	26	0	0	0	0053153	 매수취소	보통	2	164755				+38350	+38350	+38300			0	0	0	8283	0901004 	00	00000000	0	 38350	0	0	2	NXT	N	0	02
[16:47:55]:[0]39426430110053153	
A001450	JJ	접수	현대해상                                	26	38300	0	0	0000000	+매수	보통	2	164752				+38350	+38350	+38300			0	0	0	8283	0901004 	00	00000000	0	 38350	0	1	2	NXT	N	0	02
[16:47:55]:[0]39426430110053158	
A001450	JJ	접수	현대해상                                	26	38300	26	0	0000000	+매수	보통	2	164755				+38350	+38350	+38300			0	0	0	8283	0901004 	00	00000000	0	 38350	0	0	2	NXT	N	0	02
[16:47:55]:[v]3942643011
000066891432	000044594288	000033445716	000013378286	000000000000	000000000000	000000000000	000000000000	000000000000	000000000000	000000000000	000000000000	000000918575	000026756573	000022297144	000013378286	0	0	0	1	N
[16:48:07]:[0]39426430110053161	
A001450	JJ	접수	현대해상                                	26	38450	26	0	0000000	+매수	보통	2	164807				+38350	+38350	+38300			0	0	0	8283	0901004 	00	00000000	0	 38350	0	0	2	NXT	N	0	02
[16:48:07]:[0]39426430110053161	
A001450	JJ	체결	현대해상                                	26	38450	0	999700	0000000	+매수	보통	2	164807	45267	38450	26	+38350	+38350	+38300	38450	26	140	0	0	8283	0901004 	00	00000000	0	 38350	0	0	2	NXT	N	0	02
[16:48:07]:[4]3942643011A001450	00	00000000
현대해상                                	+38350	260	38395	9982700	260	260	2	36970	0	+38350	+38300	33350	0.16	0	0	00000000	36970	0.16	0	0.00	0	0	 38350	2	+5000	14.99	-23350	+43350	10	0.00	0	 0
[16:48:07]:[v]3942643011
000065891732	000043927822	000032945866	000013178346	000000000000	000000000000	000000000000	000000000000	000000000000	000000000000	000000000000	000000000000	000000000000	000026356693	000021963911	000013178346	0	0	0	1	N
[16:48:07]:[v]3942643011
000065891732	000043927822	000032945866	000013178346	000000000000	000000000000	000000000000	000000000000	000000000000	000000000000	000000000000	000000000000	000000000000	000026356693	000021963911	000013178346	0	0	0	1	N
[16:48:08]:[0]39426430110053163	
A001450	JJ	접수	현대해상                                	26	38400	26	0	0000000	+매수	보통	2	164809				+38350	+38350	+38300			0	0	0	8283	0901004 	00	00000000	0	 38350	0	0	2	NXT	N	0	02
[16:48:08]:[v]3942643011
000064893332	000043262222	000032446666	000012978666	000000000000	000000000000	000000000000	000000000000	000000000000	000000000000	000000000000	000000000000	000000000000	000025957333	000021631111	000012978666	0	0	0	1	N
[16:48:10]:[0]39426430110053164	
A001450	JJ	접수	현대해상                                	26	0	26	0	0053151	 매수취소	보통	2	164810				+38350	+38350	+38300			0	0	0	8283	0901004 	00	00000000	0	 38350	0	0	2	NXT	N	0	02
[16:48:10]:[0]39426430110053164	
A001450	JJ	확인	현대해상                                	26	0	0	0	0053151	 매수취소	보통	2	164810				+38350	+38350	+38300			0	0	0	8283	0901004 	00	00000000	0	 38350	0	0	2	NXT	N	0	02
[16:48:10]:[0]39426430110053151	
A001450	JJ	접수	현대해상                                	26	38350	0	0	0000000	+매수	보통	2	164751				+38350	+38350	+38300			0	0	0	8283	0901004 	00	00000000	0	 38350	0	1	2	NXT	N	0	02
[16:48:10]:[v]3942643011
000064893332	000043262222	000032446666	000012978666	000000000000	000000000000	000000000000	000000000000	000000000000	000000000000	000000000000	000000000000	000000000000	000025957333	000021631111	000012978666	0	0	0	1	N
[16:48:10]:[v]3942643011
000065890432	000043926955	000032945216	000013178086	000000000000	000000000000	000000000000	000000000000	000000000000	000000000000	000000000000	000000000000	000000000000	000026356173	000021963477	000013178086	0	0	0	1	N
[16:48:11]:[v]3942643011
000065890432	000043926955	000032945216	000013178086	000000000000	000000000000	000000000000	000000000000	000000000000	000000000000	000000000000	000000000000	000000000000	000026356173	000021963477	000013178086	0	0	0	1	N
[16:48:11]:[v]3942643011
000066886232	000044590822	000033443116	000013377246	000000000000	000000000000	000000000000	000000000000	000000000000	000000000000	000000000000	000000000000	000000913375	000026754493	000022295411	000013377246	0	0	0	1	N
[16:48:11]:[0]39426430110053165	
A001450	JJ	접수	현대해상                                	26	0	26	0	0053158	 매수취소	보통	2	164812				+38350	+38350	+38300			0	0	0	8283	0901004 	00	00000000	0	 38350	0	0	2	NXT	N	0	02
[16:48:11]:[0]39426430110053165	
A001450	JJ	확인	현대해상                                	26	0	0	0	0053158	 매수취소	보통	2	164812				+38350	+38350	+38300			0	0	0	8283	0901004 	00	00000000	0	 38350	0	0	2	NXT	N	0	02
[16:48:11]:[0]39426430110053158	
A001450	JJ	접수	현대해상                                	26	38300	0	0	0000000	+매수	보통	2	164755				+38350	+38350	+38300			0	0	0	8283	0901004 	00	00000000	0	 38350	0	1	2	NXT	N	0	02
[16:48:12]:[v]3942643011
000066886232	000044590822	000033443116	000013377246	000000000000	000000000000	000000000000	000000000000	000000000000	000000000000	000000000000	000000000000	000000913375	000026754493	000022295411	000013377246	0	0	0	1	N
[16:48:12]:[v]3942643011
000067880733	000045253822	000033940366	000013576146	000000000000	000000000000	000000000000	000000000000	000000000000	000000000000	000000000000	000000000000	000001907875	000027152293	000022626911	000013576146	0	0	0	1	N
[16:48:12]:[0]39426430110053166	
A001450	JJ	접수	현대해상                                	26	0	26	0	0053155	 매수취소	보통	2	164813				+38350	+38350	+38300			0	0	0	8283	0901004 	00	00000000	0	 38350	0	0	2	NXT	N	0	02
[16:48:12]:[0]39426430110053166	
A001450	JJ	확인	현대해상                                	26	0	0	0	0053155	 매수취소	보통	2	164813				+38350	+38350	+38300			0	0	0	8283	0901004 	00	00000000	0	 38350	0	0	2	NXT	N	0	02
[16:48:12]:[0]39426430110053155	
A001450	JJ	접수	현대해상                                	26	38250	0	0	0000000	+매수	보통	2	164753				+38350	+38350	+38300			0	0	0	8283	0901004 	00	00000000	0	 38350	0	1	2	NXT	N	0	02
[16:48:29]:[v]3942643011
000067879433	000045252955	000033939716	000013575886	000000000000	000000000000	000000000000	000000000000	000000000000	000000000000	000000000000	000000000000	000001906575	000027151773	000022626477	000013575886	0	0	0	1	N
[16:48:29]:[v]3942643011
000067879433	000045252955	000033939716	000013575886	000000000000	000000000000	000000000000	000000000000	000000000000	000000000000	000000000000	000000000000	000001906575	000027151773	000022626477	000013575886	0	0	0	1	N
[16:48:29]:[0]39426430110053169	
A001450	JJ	접수	현대해상                                	26	38450	26	0	0053163	+매수정정	보통	2	164830				+38350	+38350	+38300			0	0	0	8283	0901004 	00	00000000	0	 38350	0	0	2	NXT	N	0	02
[16:48:29]:[0]39426430110053169	
A001450	JJ	확인	현대해상                                	26	38450	26	0	0053163	+매수정정	보통	2	164830				+38350	+38350	+38300			0	0	0	8283	0901004 	00	00000000	0	 38350	0	0	2	NXT	N	0	02
[16:48:29]:[0]39426430110053163	
A001450	JJ	접수	현대해상                                	26	38400	0	0	0000000	+매수	보통	2	164809				+38350	+38350	+38300			0	0	0	8283	0901004 	00	00000000	0	 38350	0	1	2	NXT	N	0	02
[16:48:54]:[0]39426430110053169	
A001450	JJ	체결	현대해상                                	26	38450	0	999700	0053163	+매수정정	보통	2	164852	45289	38450	26	+38350	+38350	+38300	38450	26	140	0	0	8283	0901004 	00	00000000	0	 38350	0	0	2	NXT	N	0	02
[16:48:54]:[4]3942643011A001450	00	00000000
현대해상                                	+38350	286	38400	10982400	286	286	2	36970	0	+38350	+38300	33350	0.16	0	0	00000000	36970	0.16	0	0.00	0	0	 38350	2	+5000	14.99	-23350	+43350	21	0.00	0	 0
[16:48:54]:[v]3942643011
000067879433	000045252955	000033939716	000013575886	000000000000	000000000000	000000000000	000000000000	000000000000	000000000000	000000000000	000000000000	000001906574	000027151773	000022626477	000013575886	0	0	0	1	N
